0,0.000888267964317376,0.00214088781624082,0.00134266983713904,0,0.0135745349335317,0.677369164035348,0.381338776099549,0.00618252695131079,0.0217113779544011,0.000253936367700122,0.000633891336481091,7.93585090488247e-05,1.59320242796523,0.00467525083548212,0.000292983889942124,0.0403093027341992,0.00099617446274971,0.00556130066457672,0.00105984557579247,0.00814627507792067,0.00203631214111014,0.00609023925364639,0.0237214904830166,0,0.00372043710837924,0.0018002728408711,0.0223924817623716,2.18516122236237,1.09053615559769,0,0,0.0354921582930339,0.240035954940543,0.000338448467942271,0.0170404818265047,0.00456457875011033,0.0300812621738294,0.00537074302451442,0.0145193694565627,0.00983740753079297,0,0.00187150964421266,8.62822731070856e-05,0.000964750244276421,0,0.0034515654045648,0.00117831833618783,0,0.00297880646473862,0.000683661500982353,0.000264314941711396,0,0,0.000209899106667633,0.00117096286397684,0.000652949670962131,0.00683207388124067,0.00026153321999582,0.000312016141147693,0,0,0.000293859555409851,0,0.0106678404109179,0,0,0,0,0.000315938968016571,0.000550894573429835,3.74640659974827e-05,0.0202485259492688,0.000183327245120274,0,0.000417042756583451,0.00669585287071754,0.00196666612919352,0.000687193278113316,0,0,0.000794769354037118,0.000312734628631088,0.000200279228628576
0.000888267964317376,0,0.00595536698510833,0,0,0.000111175902833393,0.000206599516528605,0.000267978297304795,0.123187409235991,0.00019295275980169,0.0411696450086642,0.000299616978872195,0.148598742124666,3.24261837081445e-05,0.000666175316606703,0.0494104551550914,0.00779581234395927,0.00706110173271134,0.0161420579953604,0,0.000629911338818087,1.05126189709514,0.000603008211121098,0.0558077393041563,1.20358352858513,0.0826419432074243,1.42185931312469,0.00249042996841267,0.000530413582770376,0.000312044984554566,0.0110660491209818,0,0,0.00858969718400544,0.000546446987273485,0.0244364930214983,0.662505211938302,0.0363613657500024,0.0188150093874907,0.0056803889522886,0.00045053085733069,0.00115895990005909,0.0120835026774122,0.105322796532528,0.0207314302227392,0.00960575225360071,0.00120860109737687,0,0.000334045107560087,0.000692410659996676,0.162133678242408,0,0,0,0,0.000247144001074931,0,0.00216427610854305,0.0002274437038027,0.00426711272494151,0,0.00571245534290988,0,0,0.00147979878614208,0.000217842752600308,0.00179431118324108,0.00369355593627675,0,0.000342043386140044,0.00261495447982956,0,0.000508575569069109,0.0514543637784906,0.0228707200642415,0.0807469394248341,0.000143758174963887,0.000167697094807572,0,0.00279169288216492,0,0,0.00020257112364572,0.000525502949454658
0.00214088781624082,0.00595536698510833,0,0.000709235409182683,0,0.0143079770706078,0.215295675078933,0.0885858641139695,0.00951163808879566,0.0392299950358581,0.00127736026670623,0.000688082819772363,5.41350676836957e-05,0.0313779478289111,0.00343778322067943,0.0567059285899787,1.74074181468104,0.0186427558505531,0.101532626384308,0.000431937727009432,0.198783430646522,0.0164471213226202,2.26352409918269,0.0454323425309058,6.52909052818451e-05,1.78868457939294,2.05337777326152,0.132915204291748,0.00434669144491625,0.0841904796305219,0.000662177701712847,0,0.000139580770007286,0.106020521931224,0.0100209669642771,0.261393624136044,2.46552625230031,0.458272441619891,0.261843552074794,0.0482436323105939,0.00906787424494391,0.00124308350662952,0.00569651803534375,0.0174809735527008,0.010209210764875,0.0131617795022558,0.00223874965256358,0.000129073566435199,0,0.000174729570982266,0.0329678032921554,0.00503323569050923,0,0,6.33506664732032e-05,0.000933050679114153,0.000310373861001312,0.00317870876022114,0,0.000244634377119031,0,0.000535779594703256,0.000109791317584246,0.00270188474360838,0.0113450588315977,0.00074832526469792,0.000324093704377691,0.000281654715931404,0,0.000343893984589456,0.0191370136415966,0.000733285620436949,0.00761856775324451,0.00193236081402726,0.00424442077576711,0.0550688997648567,0.00199369432789183,8.7764391270929e-05,0.0001767760431384,0,0,0.000410677149948495,0.00387404573003014,0.00499472683780974
0.00134266983713904,0,0.000709235409182683,0,0,0.00961748461168921,0.00821763145258959,0.00961577033245255,0.560281503885198,0.380536012901117,0.000266635971199719,0.629790667456171,0,0.00750435875307732,0.00257327755837903,8.25561198949474e-05,0.0006578076780373,0.00111066553287118,0.000935989587738236,9.13001267205017,0.000278493087967057,9.08884561739674e-05,0.000388456216260337,0.890204611994712,0,0.000393256628173209,9.58540296190115e-05,0.46725002975083,0.00936779652434191,0.00205031317134055,0,0,0,0.00837164817119934,0.000221120186807994,0.0410733721066049,0.00172960493245438,0.00748142894678463,0.00155909252453593,0.313068690330585,0.0109822746587953,0.000826235953467355,0.000462855848915616,0,0.00254454736018836,0,0.0115617102363057,0.000634207036893514,0,0.00137561709630851,0,0.000204710251379756,0.498492680642012,0,0.00390822139774066,0.00211165505319818,0.00148968113146935,0.0395722664684773,0.0134213603524468,0.000352953442649549,0.104737607174039,0,0.000351046410849501,0,0,0,0,0,0.676732157153611,0,0,0,0.0338766262490853,0,0,8.67562323181095e-05,0.00652210284059608,0.0029072949409669,4.6195337692961e-05,0,0,0,0.000165367740539789,0.000111691339734762
0,0,0,0,0,0.149209673766917,6.08144002929942e-05,0.0321675622703215,0.000279440567791209,0.00026179722861311,9.00698745931157e-05,0.00496041699279726,0,0.000629088823249028,0.704168957766549,0,0,0,0,0,0,0,0,0.000118912269302819,0,0,4.80268297995898e-05,6.49269625677172e-05,0.00152574875134656,0,0,1.07958328093523,0,0.426329282448567,0,0,0,0.00280121591561384,0,1.22745385604814,5.46544167275206,0,0,0,0,0,0,0,0,0,0,0,0,0,0,0,0,0,0,0,0,0,0,0,0,0,0,0,0,0,0,0,0,0,0,0,0,0,0,0,0,0,0,0
0.0135745349335317,0.000111175902833393,0.0143079770706078,0.00961748461168921,0.149209673766917,0,0.0512763242603448,3.2622849850395,0.0207569744699877,1.1880182306002,0.00984388397244656,0.947900727935163,9.00868403015537e-05,0.204311350862286,0.155209052736288,0.000288581943091652,0.0138337672640477,0.0218311489152815,0.011746052918953,0.0713442641494812,0.0127880062317335,0.000732416541635558,0.016009130534336,0.0128094785990238,0.000478771238032277,0.013764272723715,0.00528406989808932,0.0188893575940642,0.178022386512954,0.0284223334658921,0.000258519348737401,0.168140479069104,0.0013345890880054,0.162354670132754,0.000914454861276759,0.02091385133045,0.00757694308222136,0.0985177289307383,0.00482309445078783,0.683918417489781,0.149612894669333,0.000266430261371756,0.00095109001338683,0.00126797864900574,0.00154591977782766,0.0004077497488085,0.00294434582632841,0.000341068661131578,0,0.000804439804644639,7.04461748566709e-05,0,0,0,7.41259087026487e-05,0.000916450435804245,0.000808201424105947,0.00114805905763643,0.000696304187426079,8.14621222437668e-05,0,0,0.000155406724497564,0,0.00112879623546837,0,0,0,0.000417963080898805,0.000248279032313923,0,0,0.0103336899377914,0.000264376099957015,0.000253945795049529,0.000798737242179551,0.00301739793816755,0.000768058296725007,4.68254047333857e-05,0,0,3.82339297282886e-05,6.02966122246946e-05,0.000281257495162489
0.677369164035348,0.000206599516528605,0.215295675078933,0.00821763145258959,6.08144002929942e-05,0.0512763242603448,0,0.551276788056171,0.0418550668170163,0.768440496235575,0.000578266691062807,0.00188839268605937,0,1.21329097850193,0.00402632859962398,0.00301736289707627,0.117678310973134,0.00374411293947527,0.0142884161795792,0.000879871505030078,0.299800098332567,0.00128553837075829,0.308743545862341,0.16061746666382,0.000167444239293966,0.0423366313434563,0.0115008478102287,2.40922634590338,0.0611369045256468,1.52660695364838,0,0,0.00460635393234738,0.0620280609607748,0.00462580757852819,0.0516886712013315,0.0733081440855672,0.128334209590039,0.0470075247550166,0.0511458755720589,0.0192241287217135,0.00021720672172899,0.00548578275948706,0.00189216308063925,0.00867151058685112,0.00240109207553665,0.0144476604302819,0.00129994871766847,0,0.00655947226412872,0.000807268131841666,0.000321827855534105,0.000115633617855417,0,0.00408071495768289,0.00921940867755955,0.00279179662718228,0.017468908999852,0.00397249499205954,0.00045079508083512,0.00044674420692527,6.45198584925885e-05,0.00199192439295044,0.000732781246454153,0.00805259920752246,0.000151245435226849,0,0.000248314282651641,0.000505741340669257,0.00028979106721701,0.00160570685001166,0.000541155918158856,0.0940467460724801,0.000667830096643797,0.000196340086761873,0.00301127154223796,0.0281791630808123,0.0102864311833975,0.00165647380562668,0,0,0.00024696627176,0.00239320647289349,0.0018505267341616
0.381338776099549,0.000267978297304795,0.0885858641139695,0.00961577033245255,0.0321675622703215,3.2622849850395,0.551276788056171,0,0.0172149756168216,0.506781571865322,0.0078162490522581,0.0942135221696305,5.91366623353077e-05,1.34513633417078,0.0396580027568552,0.00150240004020953,0.213856296917734,0.0225296747509508,0.0369470058180753,0.0280142032171465,0.0706192467609138,0.00427522116546325,0.117862333219828,0.0831468106529405,0.000857504630000614,0.0537987947253307,0.0148878862185507,0.119413947867399,0.340143555947899,0.495249978968623,0.000357534233685071,0.0958431156188402,0.00704426186636261,0.460285514624583,0.00274995329825283,0.0340627944695046,0.035587068090601,0.0922974534225508,0.0191548455849756,0.539517331607775,0.680046936050811,0.000120819719934607,0.0075412479542629,0.00154734080155873,0.0091144900429481,0.00228515821533534,0.012164535842727,0.00164026539152364,0,0.00820473446983396,0.000914564566026695,0.000536011004613759,0,0,0.0011376154194309,0.007871807632839,0.00255395719774048,0.0147858315849444,0.00198504774709619,0.000257203408315373,0,0.000353558425451829,0.00141391453880347,0.000895847833918568,0.0114003143562148,0.000167072918175514,4.56177506331498e-05,0.000136786482801183,0.000113386475590817,0.000585520535070239,0.000760005375997554,0.000219171645926976,0.0884921418042311,0.000914806479433371,0.000278152050762724,0.00237484446928291,0.0300100078706669,0.00990650979369156,0.0052927820322379,0,0,0.00121923280591447,0.00404508824032597,0.00112545805096461
0.00618252695131079,0.123187409235991,0.00951163808879566,0.560281503885198,0.000279440567791209,0.0207569744699877,0.0418550668170163,0.0172149756168216,0,0.319663143703642,0.0309504566745562,1.17108868865189,0.068782652331859,0.00887964153415626,0.55636386755601,0.0258473495193121,0.0181127000728562,0.00203459051121405,0.0025909700396022,0.460351338717092,0.00108351553401848,2.53101096637552,0.00421815906385085,4.24609380648475,0.238333130839502,0.0085796128541811,0.331294791122379,0.299045865386235,0.0199161428691282,0.0156161420776275,0.00246003517526201,0,0.000953775621981165,0.0186722937586573,0.00217013832902842,0.0496377899234213,0.0325010593826461,0.054808415284811,0.0345814637146206,0.534652692037376,0.0153743502906435,0.0027944143763328,0.0104117926395257,0.00729389210707288,0.0193815034251679,0.00395340168353883,0.0418297506800508,0.00347273744826045,0,0.0190347910824134,0.0114104872153362,0.000256754359381176,0.00403856043871276,0,0.0102723585580051,0.0203448523067199,0.0082976921869077,1.19842654225295,0.018941015707367,0.00103048081317682,0.000949007755532631,0.00299001997571103,0.00572323646104526,0.00416568246692631,0.0416904945413006,0.000171430699930225,0.00116982988422627,0.00121995396264763,0.00720606713082442,0.000593689168605542,0.0262644636479137,0.000548166063945482,0.467283401490235,0.0269680171919322,0.00230948953966843,0.00643310620978368,0.0494381980327816,0.0178061901087682,0.00400484053161585,0.0033772656915209,0.000475342108512654,0.00104847061051161,0.00486770502055178,0.000984314810952148
0.0217113779544011,0.00019295275980169,0.0392299950358581,0.380536012901117,0.00026179722861311,1.1880182306002,0.768440496235575,0.506781571865322,0.319663143703642,0,0.00793702237876502,1.54090273604552,0.000101830411374013,0.279506040339897,0.00595104276349689,0.000329857222142513,0.0130948339784424,0.0161636449701535,0.0094782664859719,1.4550088653518,0.0231116263398083,0.000841127965266058,0.0411179404774602,0.130894205623253,0.000485244031779831,0.0153695902578084,0.00720420500101046,0.887871733895172,0.243896393751659,0.0459182871671759,0.000432617725394374,0.00132443749821052,0.00203123174431689,0.137671951790149,0.0050281510434394,0.14464787642307,0.0185571756582113,0.169719524248006,0.0160911140812163,0.77812196728916,0.131233680514379,0.000811965521781456,0.00398303940389588,0.00127674034322847,0.00602883744301026,0.0011846237368582,0.013020838716175,0.0012141436002795,0,0.00211943414567859,0.00033654166947726,0.000130869123289666,0.000863841612145054,0,0.00424901859146336,0.00628098363173459,0.00298515881066071,0.0252863450503723,0.00905954225333885,8.40225806199996e-05,0.000431446847099393,2.8263414041422e-05,0.00109936035730379,0.000711463682479775,0.00275324121754963,0,4.99990950009188e-05,0.000129044804656706,0.000586047400368878,0.000684998019147634,0.000653328977161537,0.000299453122348883,0.0677471162145136,0.000379248214455541,0.000447356389697363,0.00148354912919313,0.0181080357186297,0.00517919978313969,0.00132005673693605,0,0,0.000177920977856019,0.00160962763644431,0.00124542544251086
0.000253936367700122,0.0411696450086642,0.00127736026670623,0.000266635971199719,9.00698745931157e-05,0.00984388397244656,0.000578266691062807,0.0078162490522581,0.0309504566745562,0.00793702237876502,0,0.0039157455985836,2.95681982083771,0.00932892049338971,0,0.00287805417238473,0.000422244932481639,1.24442630925138,0.595001570791044,0.00191952896124926,0.000681307967796672,0.0599620716496733,0.00216524955690987,0.00350769833764741,2.52259773640346,0.858011435032728,0.15404310138623,0.0011760547094713,0.0212670479900342,0.000643140685143345,1.49693635277287,0.00115470785395495,0.000110176452023051,1.2584014255845,0.00228831769832759,0.110088000079543,0.330153697582583,0.495394108812255,0.0391182599837485,0.0239718400191303,0.00669841825867516,0.44548608215905,0.00183671814864913,0.0206768006020196,0.00630493054214151,0.000765124538139577,0.000112900702639606,0,0.000161743167775228,0,0.00482400854931632,0,0,0,0,5.39275251344334e-05,4.10576867796927e-05,0.00139703126811053,6.36707270302477e-05,0.0687423926205575,0,0.0637199433066156,0.000159789254480941,0,0.000408476900694535,0,0.00558551650470607,0,0,0,0.000804225528609858,0,0.00155335190999934,0.0836581189346903,0.0523598255877951,0.065740108059044,0.000107157280643897,0.0002790766883075,0,0.0555352026494059,0,0,0.00115723092855006,0.00147194558133871
0.000633891336481091,0.000299616978872195,0.000688082819772363,0.629790667456171,0.00496041699279726,0.947900727935163,0.00188839268605937,0.0942135221696305,1.17108868865189,1.54090273604552,0.0039157455985836,0,0,0.0492890891011783,0.935223790307942,0.000128690433072357,0.000483916048134508,0.00916992400003158,0.00480380164458128,5.27602968036231,0.000159273934737759,0.0145081420173303,0.00037923112825683,0.578223386595587,0.000489183238511902,0.00291427540549498,0.00312552768223578,0.0303011312414476,0.0469137452702051,0.00145830176906353,0.000113809235587993,0.00109407011802011,0,0.0668257299693304,0.000181760004739007,0.0474849552298302,0.00161326795683367,0.0324971809842729,0.00132568094340335,2.41595822253055,0.0229531840373492,0,5.45618445876692e-05,0.000452056659779407,0.000439960911992908,0.000101815690979399,0.00271165392886054,0,0,0,0.000182729298553568,0,0.00525502623394174,0,0.000553069045481795,0.000454047139279462,0.000241734475298181,0.00841869359294445,0.00352395768459535,0,0.10898540919778,0,0.000127180087461973,0,0.000182812004397701,0,0.000206101551294883,0,0.0199185682753158,0,0,0,0.0105071865210331,0.000206188620704751,0.000109948108459849,0.00072933459897595,0.00136519597382466,0.00052967681134399,0,0,0,0,7.76818494035427e-05,5.62603228127169e-05
7.93585090488247e-05,0.148598742124666,5.41350676836957e-05,0,0,9.00868403015537e-05,0,5.91366623353077e-05,0.068782652331859,0.000101830411374013,2.95681982083771,0,0,0,0.000170974490889285,0.00114763293201538,0,0.0025970942061426,0,0,0,0.144662906655467,5.57240462014737e-05,0.00795552123902968,7.15926683441722,0.00960697431923602,0.590293117750355,0.000645145901472939,0.00025166560932459,0.00013204432691519,3.70304230032714,0,0,0.264195694774268,6.74313956280356e-05,0.177150012473252,0.0172131701684532,0.072556487811815,0.0016093555367883,0.00212980794938336,0.000511255768594911,1.53844488977554,0.0807080042215493,0.0103790041998487,0.00189680778001499,0.000754859750688754,0.000202399105778519,0.00151468665315874,0.0338043402128817,0,0.00501635315852727,0,0,0,0,9.94901720963275e-05,0,0.000742594805312802,0.000138986283404998,0.0301331296665899,0,0.158110681333816,0,0,0,0,0.00464444553366308,0,0,0,0.000146943168721147,0,0.00138044652712295,0.084974406686576,0.0218585399693199,0.0368061621047137,6.08666726967962e-05,4.34114829596551e-05,0.000212935542769258,0.0289157198350404,0,0.000350157132414399,6.96440299994411e-05,0
1.59320242796523,3.24261837081445e-05,0.0313779478289111,0.00750435875307732,0.000629088823249028,0.204311350862286,1.21329097850193,1.34513633417078,0.00887964153415626,0.279506040339897,0.00932892049338971,0.0492890891011783,0,0,0.00799329823378492,0.00190527215628101,0.135677717447547,0.0215244609342645,0.0254194568721875,0.0270413745668136,0.0392279444868925,0.00197888347030858,0.0564802818887947,0.0444625282625311,0.000581836356549237,0.0289333004623943,0.00699315298276739,0.0614255703105261,1.16380061364132,0.571843688386948,0.000403825972517934,0.37189948060656,0.0115383635054239,0.301817323296619,0.00172011245412327,0.0182227889178911,0.0142100557586735,0.0717301316371067,0.00769108145301113,0.239696991371934,0.100265279569599,0.000622879841689464,0.00293092371406893,0.000894506864221735,0.00352451201913972,0.00054877865334968,0.00418072394616703,0.000382840635344247,0,0.00394523718834718,0.00049490814425837,0.000369540748400036,0,0,0.000331279144521441,0.0034732870401725,0.00168913732741633,0.00660173563049123,0.000653865986640339,0.000162554917673614,0,4.06161382319635e-05,0.000565236154362563,0.000932943103875582,0.00969218988140808,0.000183150132297494,0,8.13228582745469e-05,0,0.000847383013813919,0.000550614591108057,9.492955822477e-05,0.0430602107770805,0.000562298870957215,0.000174259544230349,0.00128400628259105,0.0142991765382606,0.00472733947523499,0.00200301292854241,0,0,0.000479366134786705,0.00104869228635525,0.000495436869157241
0.00467525083548212,0.000666175316606703,0.00343778322067943,0.00257327755837903,0.704168957766549,0.155209052736288,0.00402632859962398,0.0396580027568552,0.55636386755601,0.00595104276349689,0,0.935223790307942,0.000170974490889285,0.00799329823378492,0,0.0272920089776098,0.00657898910709436,0.00091447132615028,0.00120634139328004,0.00841388290279997,0.0475046983031432,0.00779792402176401,0.027784109286423,0.0234417603507559,0.000501205341212219,0.00128131215831833,0.00833091486723137,0.0178174541226887,0.00801211329054564,0.00849430476849459,0,0.000765120417558489,0.0040519151014711,0.013722927229301,0.01500131728724,0.0198730306081089,0.0344495926608779,0.0174983154421081,0.0174581305981165,3.85428527460671,0.029116092562018,0,0.00324309992642305,0.00512199153001665,0.0051389730052194,0.00776276819105792,0.000790412727016854,0.00319280826730411,0,0.00042069921560689,0.000206847911478351,0,0,0,0,0.000402984163860955,0,0.0127710545817669,0.000183512845803721,0.0003904443142701,0,0,0.000313363974069104,0.00404900763105565,0.00155984947089455,0,0.00158013340628396,0,0,0.00226370364772481,0,0.0026801534462183,0.0110011202050389,0,5.31168194172016e-05,0.000371790336180283,0.00344814324106421,0.000540747521359443,0.000784777112097322,0,0,0,0.00057082884299193,0.00692996707375903
0.000292983889942124,0.0494104551550914,0.0567059285899787,8.25561198949474e-05,0,0.000288581943091652,0.00301736289707627,0.00150240004020953,0.0258473495193121,0.000329857222142513,0.00287805417238473,0.000128690433072357,0.00114763293201538,0.00190527215628101,0.0272920089776098,0,0.0398260224889386,0.00328016867211753,0.00556616900208022,0,1.45681875231706,1.53795184529288,0.970571407245489,1.05038691045296,0.0109892548552359,0.0116987171788343,1.15392867226389,0.386776851479209,0.00456046471905071,0.0224148101343303,0.000561908934181708,0,0.00286690524601281,0.0961476285850607,0.0312604334222113,0.520905006315077,3.07283674407019,0.316911425161717,0.359792525204559,0.192880862575633,0.0139405573418982,0.00251210667498972,0.0220310580434317,0.0437665276651709,0.0146370982399507,0.0207754480494243,0.00509347712350992,9.29923948615376e-05,0,0.00338723764442814,0.0112443398038273,0.00124895329343141,0,0,0,0.000564147127528905,0.000780264234373769,0.00331701068903441,6.9071223663832e-05,0.000713253801665647,0,0.000851802005990797,0.00029478154160007,0.0047576717478121,0.893013060452681,0.000115396586769494,0.000199234151294263,0.000188317176405273,0.0002444196533376,0.00709214629416985,0.108235101299863,0.0115227070502871,0.0996984651057296,0.00692698577755889,0.00108367762785183,0.046613310368537,0.0255871394113717,0.00085072824878759,0.00432326276700816,0,0,0.000461782408478505,0.00289052123824787,0.0140058189228506
0.0403093027341992,0.00779581234395927,1.74074181468104,0.0006578076780373,0,0.0138337672640477,0.117678310973134,0.213856296917734,0.0181127000728562,0.0130948339784424,0.000422244932481639,0.000483916048134508,0,0.135677717447547,0.00657898910709436,0.0398260224889386,0,0.0147171207312527,0.440001151802118,0.000512957446278189,0.328261877161429,0.0166062408490736,1.79076835934133,0.0237678322155746,0,0.472496625753296,0.381944828975097,0.05389174874909,0.0069400219682378,0.329057954418002,0,0,0.00132479623584628,0.731782972033547,0.00572420709249337,0.180115758425719,1.50053213962425,0.352279795855887,0.152607232335443,0.0335833273495516,0.00662557798712326,0.000586171992772845,0.00606897022988579,0.0093438765317863,0.00878685086429273,0.00852800865115835,0.00101260970373212,0.000121082926306417,0,0.000346648197140408,0.0258507726768986,0.00273352694852103,0,0,0,0.000705879607141907,0.000483739506217746,0.00420098579488235,0.00034382193234183,7.08873401003753e-05,0,0,0.000165938946985354,0,0.00576527635717139,0.000603801519903443,0,0.000279530519467622,0,5.12463580962979e-05,0.00741323905875224,0.000426755839966125,0.0070249143863391,0.00284067509316831,0.00261002907460149,0.0311466668304172,0.00184364699249301,0.000427123465291961,5.56428991451844e-05,0,0,0,0.00155015338164057,0.00276466497817027
0.00099617446274971,0.00706110173271134,0.0186427558505531,0.00111066553287118,0,0.0218311489152815,0.00374411293947527,0.0225296747509508,0.00203459051121405,0.0161636449701535,1.24442630925138,0.00916992400003158,0.0025970942061426,0.0215244609342645,0.00091447132615028,0.00328016867211753,0.0147171207312527,0,2.79370886260355,0.0059507197154403,0.00497063411482275,0.00149680941094475,0.0130065878260608,0.00189818872863649,0.010039552433831,0.592089768366281,0.0862903961973042,0.00344205151535002,0.0403248682163947,0.00637191249637046,0.0164929946053514,0.00361000614513208,0.000215353811678002,0.445182633258391,0.00508864516658082,0.214836422494417,0.552607627843542,0.549038996209095,0.158490940866898,0.0579772163101853,0.0182043638122749,0.00460884823817104,0.00394126009513517,0.0496915256267398,0.00405762798898917,0.00497590836304824,0.000284065403983579,0.000479189157562329,0,0,0.00708355999823277,0,0,0,0,0,0,0.00156652343155398,0,0.00600834205617122,0,0.00789725358626401,0,0.000134083555174152,0.00150674451396181,0,0.00657016823664434,0.000505869288429737,0,0,0.00175030125494582,0.000345398728444586,0.0024216910208573,0.00859855327951459,0.0239459098943926,0.0354186747308229,0.000399149797801516,0.000447281201747291,6.41258152362257e-05,0.00418226795059555,0,0.000117447513024942,0.000170819788348138,0.00189812618664803
0.00556130066457672,0.0161420579953604,0.101532626384308,0.000935989587738236,0,0.011746052918953,0.0142884161795792,0.0369470058180753,0.0025909700396022,0.0094782664859719,0.595001570791044,0.00480380164458128,0,0.0254194568721875,0.00120634139328004,0.00556616900208022,0.440001151802118,2.79370886260355,0,0.00218783401874879,0.0177304269423281,0.00145191099889451,0.0535407902430297,0.00366725782145327,0.000780957502746205,0.882467287629952,0.0794757835479295,0.00717970074625907,0.0245213661766277,0.0258439511061664,0.00171562084336874,0.00271890190507895,0.000467847193675416,0.624653933833654,0.00623373414233193,0.219514612975714,0.576760096933632,1.20888031381037,0.330151849268684,0.0388934690345029,0.0111069703426852,0.00260070495374742,0.00268125538575088,0.00649984660971217,0.00414128418398701,0.0058922808875049,0.00104132151756514,0,0,0.000176744393015337,0.00670930668958375,0.000469565324730751,0,0,0,0.00010230609075911,0,0.00141050261895751,0,0,0,0.00130293212480179,6.61140221703757e-05,0,0.00106846167242838,0,0,0.000376810987286778,0,5.47646941530412e-05,0.00155978190562153,0,0.00193431585305624,0.00672332093627724,0.0044575339726938,0.0137619695531694,0.000699671764647567,0.000227015845323691,0.000412388732749584,0,0,0,0.000113329106685567,0.00269613694309668
0.00105984557579247,0,0.000431937727009432,9.13001267205017,0,0.0713442641494812,0.000879871505030078,0.0280142032171465,0.460351338717092,1.4550088653518,0.00191952896124926,5.27602968036231,0,0.0270413745668136,0.00841388290279997,0,0.000512957446278189,0.0059507197154403,0.00218783401874879,0,0,0,5.94671873566724e-05,0.30189059080629,0.000225423527609344,0.00123321294343171,0.000835647695463344,0.0983157410102157,0.0312949258030698,0.000176423987601542,0.000516183054311149,0.000339147988675563,0,0.0297928030705884,0.0002651259565869,0.0520429811681581,0.00173269711406623,0.0407025144026418,0.00236209157839012,0.77615245250392,0.0340860294798386,0,0.000227711414401555,0,0,0,0.00188963579359061,0,0,0.000192228756566005,0,0,0,0,0.000788445228458222,0.000148904190827451,0.000330150654722623,0.0170290835859362,0.00191270623247698,0,0.000405780686215199,0,0.00011260222446493,0,0.000467732017253498,0,0,0,0.00103976657935242,0,0.000550683065487098,4.96336684581902e-05,0.0089683116278496,0,0.000115375388250897,0,0.00104204170509336,0.000243521952023221,0,0,0,0,0,8.92503825964256e-05
0.00814627507792067,0.000629911338818087,0.198783430646522,0.000278493087967057,0,0.0127880062317335,0.299800098332567,0.0706192467609138,0.00108351553401848,0.0231116263398083,0.000681307967796672,0.000159273934737759,0,0.0392279444868925,0.0475046983031432,1.45681875231706,0.328261877161429,0.00497063411482275,0.0177304269423281,0,0,0.017657761125646,4.86403539511914,0.06933884748025,0.000446357348636656,0.0313254373604982,0.12203249166474,1.62591509107214,0.0104985696683896,2.23322060574864,0.000249045678855683,0,0.00532156487204579,0.780855201812873,0.0428312371956041,0.456552232840648,0.466122664753322,0.875224933348063,0.368664701117172,0.257710322368292,0.0149925927839263,0.00156523524456096,0.00467406702927608,0.00539395705920343,0.00683676711488801,0.00758430772304583,0.00520137865417335,5.48430667815861e-05,0,0.0026031769431915,0.0021780789652577,0.00011690369132686,0,0,0,0.000627974816215422,0.000445269019139317,0.00206910707166812,0.000125474102322938,0.000170508694717792,0,0.000468612079394424,0.000307119928439695,0.00554882158228426,0.0543427273512877,0.000135998852883254,0,0.000115205553351747,0,0.00147122846232384,0.00442194624635132,0.00160341205607946,0.0211589282678624,0.00191582949396771,5.77550088957323e-05,0.00471484049373893,0.0107809194569227,0.00101829626880874,0.00220793975782147,0,0,0.000358303786965754,0.000898567221085332,0.0168815855037464
0.00203631214111014,1.05126189709514,0.0164471213226202,9.08884561739674e-05,0,0.000732416541635558,0.00128553837075829,0.00427522116546325,2.53101096637552,0.000841127965266058,0.0599620716496733,0.0145081420173303,0.144662906655467,0.00197888347030858,0.00779792402176401,1.53795184529288,0.0166062408490736,0.00149680941094475,0.00145191099889451,0,0.017657761125646,0,0.00379588250439799,1.61055855076397,0.535841098189267,0.010166370884561,1.04628589083364,0.0621511605860431,0.00962148131581761,0.0126123382870529,0.0110266505073967,0,0.00288703193657111,0.0200814534765048,0.00197136869770749,0.0401433898688341,0.144587949849912,0.0522400789097162,0.0227692401204649,0.0229348687649549,0.00331271129585781,0.00626809559404832,0.00387209791710904,0.0163658956348931,0.00491073025757352,0.00496835832603692,0.000940924642729072,0,0,0.00126721269604866,0.0106643230503048,0.000655844552961912,0,0,0,0.000154791387567881,0.000335988673031296,0.0145176193540515,0,0.00239092082758908,0,0.00309913977794242,0.000150945939740803,0.0002699037102808,0.11403451025326,0.000155066978937881,0.000499839423021098,0.000512384155882369,0,0.000670994094996913,0.177281458561597,0.001061949413848,0.0232500876343544,0.00787494839388707,0.00365448196286218,0.0220892822544656,0.00527166955462632,0.00101171952958517,0.000332396557387115,0.00112398087148486,0,0.00019699029115464,0.00116003595168352,0.000616831582138266
0.00609023925364639,0.000603008211121098,2.26352409918269,0.000388456216260337,0,0.016009130534336,0.308743545862341,0.117862333219828,0.00421815906385085,0.0411179404774602,0.00216524955690987,0.00037923112825683,5.57240462014737e-05,0.0564802818887947,0.027784109286423,0.970571407245489,1.79076835934133,0.0130065878260608,0.0535407902430297,5.94671873566724e-05,4.86403539511914,0.00379588250439799,0,0.0408673836673984,7.78860946198398e-05,0.216383498564906,0.854207505546091,0.301112417821745,0.00440788229859799,0.32321168232079,0,0,0.000864496214043079,0.27705140901409,0.0651474361105995,0.776176774684417,2.63948863084406,1.11951262768694,0.85581548361862,0.281887093891996,0.0100069880741463,0.005512858722332,0.00725377123601559,0.00922420087230699,0.0115917697931883,0.0103518063346517,0.00309819626034713,0.000794194170920933,0,0.000668323142757937,0.00377173913689395,0.00174697066542659,0,0,6.00444110224543e-05,0.000963082626907034,0.000205565330573718,0.00147850727349325,0.000264440773716614,0.000417623065608899,0,0.000160109333447421,0.000126940441016084,0.00396977605136617,0.0174972843499534,0.000248606900005271,0,0.000208159557911811,0,0.00152966367076603,0.0228220824385669,0.00286680664949249,0.00792361429004782,0.00149688118540079,0.00118800628066862,0.0348690578907815,0.00184524334617921,0.000857875090418826,0.000385610264793871,0,0,0,0.00152501856079643,0.0337990863553123
0.0237214904830166,0.0558077393041563,0.0454323425309058,0.890204611994712,0.000118912269302819,0.0128094785990238,0.16061746666382,0.0831468106529405,4.24609380648475,0.130894205623253,0.00350769833764741,0.578223386595587,0.00795552123902968,0.0444625282625311,0.0234417603507559,1.05038691045296,0.0237678322155746,0.00189818872863649,0.00366725782145327,0.30189059080629,0.06933884748025,1.61055855076397,0.0408673836673984,0,0.0188226346062993,0.010426455672611,0.285193335316605,2.23690812341849,0.0833040874661287,0.140679650515242,0.000149362310261399,0,0.0069302039214573,0.0857573306244773,0.0134612863223636,0.231233105701671,0.177067724455978,0.136199829601168,0.0510355812925211,0.376590278126321,0.0390127778394723,0.00148911349558359,0.0457909039978494,0.0119384836234015,0.0687845517395913,0.0185776281962925,0.130118289622487,0.0112458267178737,5.64668931266991e-05,0.0539696735186537,0.0115002889620058,0.00350403870872146,0.00346764883516348,0,0.0256618484892448,0.0694308524807612,0.0289869847820666,0.30839177412302,0.0433207987751973,0.00289514260459795,0.00215349091188566,0.00281369593101615,0.0136211801241664,0.00774390929781547,0.184906879585568,0.00158780585364484,0.00146097079602289,0.00209454071353996,0.00394983092876322,0.0064128092996903,0.0281177069404642,0.005302012640721,1.04321447666491,0.0163191015387837,0.00256666853563695,0.0244657725765225,0.214556331373445,0.0817463742224173,0.0246702806226912,7.63063470412152e-05,9.5039531023227e-05,0.00612970510205837,0.0255068038370525,0.00499143538892234
0,1.20358352858513,6.52909052818451e-05,0,0,0.000478771238032277,0.000167444239293966,0.000857504630000614,0.238333130839502,0.000485244031779831,2.52259773640346,0.000489183238511902,7.15926683441722,0.000581836356549237,0.000501205341212219,0.0109892548552359,0,0.010039552433831,0.000780957502746205,0.000225423527609344,0.000446357348636656,0.535841098189267,7.78860946198398e-05,0.0188226346062993,0,0.136248878066309,0.574875719522572,0.00121887213129952,0.0013400030900963,0.000675859147072123,1.21481706836969,0.00021098398987285,0.000634690793077042,0.0831193444728194,0.000166650585905828,0.00751789866695187,0.0685907530901863,0.0424870550121782,0.00695356040458961,0.00651665613173109,0.000621558395347377,0.0964270851018087,0.00661225920361394,0.136490286894198,0.014525732765286,0.00487237765389238,0.000436709103179167,0,0.0113942497214628,0,0.0102154744984422,0.000267652115943755,0,0,0,0,0.000371261996122009,0.00604593732778857,0.000233621680222437,0.09672077256299,0,0.169980816863537,0,0,0.000297117079611628,0,0.0186196279571356,0.000686916842467874,0,6.60534057985926e-05,0.00169354650635276,0,0.00296931524882945,0.397522928642799,0.0800584598233777,0.129354809520155,0.000315025269002269,0.000518129421155475,0,0.0766898388656446,0,0,0.00166309362502642,0.000104666077765911
0.00372043710837924,0.0826419432074243,1.78868457939294,0.000393256628173209,0,0.013764272723715,0.0423366313434563,0.0537987947253307,0.0085796128541811,0.0153695902578084,0.858011435032728,0.00291427540549498,0.00960697431923602,0.0289333004623943,0.00128131215831833,0.0116987171788343,0.472496625753296,0.592089768366281,0.882467287629952,0.00123321294343171,0.0313254373604982,0.010166370884561,0.216383498564906,0.010426455672611,0.136248878066309,0,1.40858967247,0.0180369923391728,0.0195224530034341,0.0402459620673074,0.168746149774925,0.0010244274554191,5.57982890716678e-05,0.214428133408582,0.0170273904285069,0.400330781061895,2.07941569275067,0.544703280277346,0.171616372947872,0.0437366982160191,0.0111980162901033,0.00569251284376761,0.0253890590286893,0.193242155128026,0.0371280518129883,0.021631589317521,0.00216606538918938,0.000154789018933373,0.000413962968753781,0.000210334887171847,0.0428923109621701,0.00079495047596054,0,0,0.000130989596681686,0.000409191747552328,0.000395210297573361,0.00379962654481614,6.55404580642673e-05,0.0264629977568531,0,0.0493164600639271,0.000135303281030298,0,0.00396446207250407,0.00041469210295847,0.0167775013329673,0.00303839861535357,5.11481083748317e-05,0.000812229225339512,0.00369165882535196,5.62248936278476e-05,0.00470024336434247,0.0600689711628001,0.142623017641011,0.278135083283794,0.00119553452799135,0.000947655378849194,0.000582939989417542,0.0149153833744681,0,0,0.00381352659073949,0.00854618399282755
0.0018002728408711,1.42185931312469,2.05337777326152,9.58540296190115e-05,4.80268297995898e-05,0.00528406989808932,0.0115008478102287,0.0148878862185507,0.331294791122379,0.00720420500101046,0.15404310138623,0.00312552768223578,0.590293117750355,0.00699315298276739,0.00833091486723137,1.15392867226389,0.381944828975097,0.0862903961973042,0.0794757835479295,0.000835647695463344,0.12203249166474,1.04628589083364,0.854207505546091,0.285193335316605,0.574875719522572,1.40858967247,0,0.150046587990375,0.013788481977428,0.0201967023233586,0.285080691230666,0.000837041306992063,0.000989377855556454,0.278384263165301,0.0584914726465257,0.62600624318028,2.20605185288248,1.09826362546292,0.553858966941721,0.141686237706517,0.0192588961315664,0.00557848943908906,0.117854129544469,0.322361522062446,0.159770044128,0.115469236831649,0.0132760998247031,0.00195879577714896,0.0015727895734206,0.00131694145687267,0.272105790485369,0.0345004088417206,0,0,0.000142844863516605,0.00270751634202209,0.00116949223670206,0.0159289033069196,0.000186363074774057,0.0317638573823314,0,0.0640739799293646,0.000601730143694461,0.00137625764680901,0.134115761089203,0.00688127000312949,0.0224203966042764,0.0101317176514686,0,0.00625558497962913,0.160876474407588,0.040948724933131,0.0284282788345045,0.149619070817819,0.266723892747283,1.22197365660649,0.00547393365691539,0.00149195863022446,0.00138475208363756,0.0144948078865438,0,0.000121910294272546,0.0310246147853403,0.0373075720424822
0.0223924817623716,0.00249042996841267,0.132915204291748,0.46725002975083,6.49269625677172e-05,0.0188893575940642,2.40922634590338,0.119413947867399,0.299045865386235,0.887871733895172,0.0011760547094713,0.0303011312414476,0.000645145901472939,0.0614255703105261,0.0178174541226887,0.386776851479209,0.05389174874909,0.00344205151535002,0.00717970074625907,0.0983157410102157,1.62591509107214,0.0621511605860431,0.301112417821745,2.23690812341849,0.00121887213129952,0.0180369923391728,0.150046587990375,0,0.108785676372385,1.43308895112624,0.000175095395484181,3.8999856514739e-05,0.0111446993658537,0.193185631292063,0.0181554056186759,0.235357360835017,0.204715616362887,0.257025687127951,0.0858414818109634,0.201037370304158,0.0401294116129925,0.0007492664909364,0.0220823602644326,0.0043712795746038,0.0273333904337068,0.0051996071464783,0.0495575611997327,0.00388595488315717,3.64666840656658e-05,0.0236105567130907,0.00431871816253726,0.00198436256164667,0.00176214021712578,0,0.00961112960618238,0.0305555343448764,0.012172136639498,0.0659454145579725,0.017952155889123,0.00119666932637536,0.000357134279210868,0.00118272723805468,0.00572277252496695,0.00375474494839851,0.0751335668954185,0.00023366572002869,0.000381866852152003,0.000470276551875724,0.000745389170688828,0.00297579903889552,0.0079661142621821,0.00159584374726269,0.358536637136863,0.00427937747858926,0.000787105703404086,0.0082656694597327,0.113474294268995,0.0333956268302483,0.0146078572670043,0,0.000178910232332989,0.00163560209959661,0.00954844921977342,0.00795193750724452
2.18516122236237,0.000530413582770376,0.00434669144491625,0.00936779652434191,0.00152574875134656,0.178022386512954,0.0611369045256468,0.340143555947899,0.0199161428691282,0.243896393751659,0.0212670479900342,0.0469137452702051,0.00025166560932459,1.16380061364132,0.00801211329054564,0.00456046471905071,0.0069400219682378,0.0403248682163947,0.0245213661766277,0.0312949258030698,0.0104985696683896,0.00962148131581761,0.00440788229859799,0.0833040874661287,0.0013400030900963,0.0195224530034341,0.013788481977428,0.108785676372385,0,0.32772175274405,0.00027932414511478,0.00981149947773892,1.58226707230619,1.70757570840267,0.00357051254384604,0.0451297390402353,0.0167965934581469,0.237796028171251,0.0121765866269783,0.33051345232322,0.127883252737183,0.00109580184010382,0.00780677459015384,0.00297583799312901,0.008267839586847,0.00114972418934788,0.00953367724863529,0.000677986574459445,0,0.00741659688825236,0.00132721067437664,0.000677804842005359,0,0,0.000869149539888795,0.006524928774018,0.00216942508252377,0.0146617898288454,0.00257017305200824,0.00115228194925877,6.42471894251127e-05,0.000236877447842825,0.00145983075835839,0.00106419716222189,0.0460143892193663,0,0.000315088922380347,0.00012540472198802,7.37133948763599e-05,0.00118138164624877,0.00234861454043906,0.000314435543742028,0.0861174339926013,0.00273195597046884,0.00128010396440176,0.00341533125981943,0.0297358782181206,0.00915574810533952,0.00471893452663352,0,0,0.000990208394688571,0.00206393959578111,0.00174062994999885
