0,0.000362703764364966,0.00601655984834067,0.012695326096256,0.000141964746682266,0.00304907959426804,0.837816090058325,0.0900781580714527,0.0397069203662215,0.0146627197447563,0.00129883551919571,0.00153349892888883,0.000427005580668608,1.56895864049763,0.000455681141123196,0.00115934288510992,0.0678150881903757,0.000687491827434328,0.0153073580394473,0.00780408753478351,0.014240573284147,0.00375099991051016,0.0180170567606752,0.0912408846676327,0.000349291965036924,0.00381019858289252,0.0109806691934628,0.0885992593131415,1.74112792141718,0.601442724164024,0,0.000303521860758752,0.345315289664028,0.500424459880644,0.00171455639430477,0.0447781858693053,0.0226547741780456,0.372771225542745,0.072862845094841,0.0578121987221682,0.0336246597991332,0.000849833865260344,0.00292828908630235,0.00110833094104639,0.00250696652657938,0.000544587028099321,0.00656069091377011,0.000509194998591769,0,0.00133125237787783,0,0.000475115216008732,0.000551258022144558,0,0.000240714559198039,0.00195974621737693,0.000300037720939059,0.0113665798181188,0.000652839976778695,5.37061966956603e-05,0.00158437632721934,0,0.000640218458356921,0.0011801984288164,0.00130705525748435,0,0,0.000106229843706731,0.000823139100342291,0.000983539621660453,0.00384708828327628,0.000376703967094508,0.0200983962859541,0,4.73217404001018e-05,0.000281939033190353,0.00941935795697169,0.00230790609856047,0.00201153088945901,0,0,0.000546472400666589,0.00125220538633312,0.00108435598243158
0.000362703764364966,0,0.00415522658413062,0,0,0.000406801016297051,0.000345229817853418,0.000114951977697834,0.0988205359540287,0.000113132691188779,0.0110053477827309,0.000101398133528441,0.0991580462031271,0.000498722619645692,0.000911601525854962,0.0931384996202415,0.00594148278889566,0.00457635586611255,0.0109554250239729,0.000183993722802644,0.0008846183592529,1.39620920653997,0.00141181501629784,0.196350193682152,0.546040652734879,0.0266371309258434,1.40512115429857,0.00343003461658104,0.000568665654931749,0.000563752101488969,0.0054618860484476,0,0.000240223643107232,0.00935825576052753,6.11043490550975e-05,0.0150391578645833,0.0522730750364776,0.0327315546203932,0.02191432094401,0.00409041944947121,0.000403920232250693,0.00432693343716573,0.000745700802066191,0.00510126662182391,0.00205512005534889,0.000889445702537087,0.000587947693011077,0,0,0.000163338904252104,0.0627061870757289,0.00022115291090039,0,0,0,7.30247226502449e-05,0,0.000223746819761894,0,8.60605280464362e-05,0,0.000575010766651067,0,0,0.000663196273998902,0.000208673369742448,0.00119632162224543,0.00142544169633398,0,0,0.00286542522532739,0,0.00125554852345546,0.0142080706802452,0.00215594989120873,0.0140693794207587,0.000888282810981276,3.50792461627364e-05,5.58219269915861e-05,0.00226099398037516,0,0,0.0012866749476304,0.000193839483055062
0.00601655984834067,0.00415522658413062,0,0.000487408212103527,0,0.000825383100273476,0.122540309645521,0.018786614071003,0.00413527233868747,0.0027362380794695,0.00138639005388568,0,0.00240707906082892,0.012268783701752,0.00168320715520381,0.0422204352670002,2.5769712489306,0.00387035532278732,0.172498962731761,0,0.270767970186575,0.00846184139899848,1.89635800346949,0.0337291902801645,0.000291878004092749,0.699925972274934,2.7454408470195,0.120964484670476,0.00192470299758903,0.055060227248328,0,0,0.000327782154130943,0.0945822680646854,0.00699357746976437,0.21640024638312,2.20530362995639,0.331147721203405,0.279043103582898,0.0263044722596533,0.0188725424908138,0.000718325323598706,0.00288442236900893,0.0260793608814359,0.00180502272318096,0.00355976296093707,0.00082067772301383,0,0.000138590044931313,0.000257935010190016,0.00183137642861729,0.000571339226415828,0,0,0,0.000214575108186863,0,0.000467801648164222,0,0,0,0,0.000184922714855117,0,0.0012313377280265,0.00152246370612925,0,0.000377476885985072,0,0.000325120032505662,0.00472180611068174,0.000647564125147437,0.00394900145546765,0.00301873254152446,5.59153059003544e-05,0.0432681800462261,0.0010914424447648,0.000253232269833113,0.000254264713408616,0,0,0.000180205877397179,0.000474756176001956,0.00399711625980711
0.012695326096256,0,0.000487408212103527,0,0,0.0351123151979581,0.0275591408520118,0.0208748647698829,1.24835529587285,0.544807378348745,0.000434740020501918,0.789407788328863,0,0.0198521504592655,0.00307084412203116,0,0,0.000906930136821364,0.000527072478419559,12.3876192768081,0,0,0.000131722894537952,1.18666600718564,0.000330253153287982,0.000144974538856445,0.000420502472562389,1.60224156567315,0.032074276084801,0.00110259053806665,0,0,0.00233788043527894,0.0116941094694528,0.000178728298066792,0.00707040685724531,0.0013050417579922,0.0318093959186132,0.00708102286785234,0.083772174179605,0.0183013865895799,0,0.0010400074994104,0,0.00125898680566195,0,0.0151724191141293,0.00258389512399091,0,0.00129613913200051,0,0,0.0128591712803797,0,0.00333457223681007,0.00216383264651178,0.00397626362383979,0.0415744596101664,0.00613810848599009,0.000187737234254085,0.0247315779815625,0,0.00131439613763081,0,0,0,0,0,0.0130854305941592,0.000438682916446768,0.000571323504287838,0,0.0139955986836355,0,0,0,0.00890471836577547,0.00397861165821108,0,0,0,0,0.00126172459150456,9.96619054599024e-05
0.000141964746682266,0,0,0,0,0.183805742040306,5.8153479537768e-05,0.00830646838762425,0.000528480601809586,0.000593949707721299,0.00119050567399243,0,0.000113152580350932,0.0042754595707824,0.624461097558154,0,0,0.00094529049076652,0,0.000413757300824437,0,0,0,0.000479631145134376,0,9.99302173150356e-05,0.000369324561353709,0,0.0115064256242076,0.000335111472060778,0,1.16538321779072,0.000338344433558979,0.149570761076502,0,8.36922860690879e-05,0,0.0111255004384496,0,1.68070801379816,3.37510202341412,0,0,0,0,0,0,0,0,0,0,0,0,0,0,9.55521220124128e-05,0,0,8.43898109577105e-05,0,0,0,0,0,0,0,0,0,0,0,0,0,0.000221074809722995,0,0,0,0,4.3605254888451e-05,0,0,0,0,0,0
0.00304907959426804,0.000406801016297051,0.000825383100273476,0.0351123151979581,0.183805742040306,0,0.215991932388104,3.99369247812947,0.0425858497684392,2.58437901254185,0.0136964863474655,1.07426668799163,0.000186678897489679,0.442968996973867,0.132289039871062,0.0002051005809406,0.00227640941609101,0.0133911729914286,0.00533351039508636,0.212996977058407,0.00127879442594182,0.000155469497041023,0.0042540271598584,0.0413095995130845,0.00038771127323756,0.00486474546253395,0.00520550653773508,0.0428788494957501,0.0983869981604759,0.00946015396630741,0.00044856616849869,0.615767802025233,0.000359732172832859,0.209908789977242,0.000790005457981037,0.0109625175352712,0.0054757155653426,0.169877739670427,0.0111657597239423,0.694936615907735,0.286087597999824,0,0.000707659638494751,0.000171091281206577,0.000742080386685658,0,0.00308417318920143,0.000155792267064679,0,0.00020932638777145,0,0,0.00202966017125877,0,0.000605059875992532,0.00308513017139243,0.00213794343265332,0.0046416595887281,0.00237095018483086,0.000209660541837693,0.00713049570759636,7.2624494414337e-05,0.00121622844382945,0,7.43945278068427e-05,0,0.000184212083047031,0.000189284366113061,0.00156912590612648,0.000363695427535088,0.000166887138125785,2.61066063319722e-05,0.0132843164197124,0,0.000125420174329142,0.000776250313264289,0.00512907542487363,0.00201465338549527,0,8.91452081105068e-05,0,0,0.000311946874282751,0.000293606198109468
0.837816090058325,0.000345229817853418,0.122540309645521,0.0275591408520118,5.8153479537768e-05,0.215991932388104,0,0.750269581895548,0.141002421501457,1.67034014051675,0.0012435780205911,0.00593875718197276,0.000770057441846427,1.699335576337,0.00418665748051473,0.00945722758425588,0.101246584080505,0.00158456701755566,0.00893247412247866,0.00759329202875091,0.107374674348796,0.00307323832686406,0.293927748826874,0.40077578166926,0.00052617503013697,0.00850220208255939,0.0254434788796054,3.8870439914466,0.115458945426583,1.00940233015761,0,0,0.00697337878931647,0.0898768448594304,0.00705998596508069,0.0836744917938169,0.0630437349860679,0.203902252141628,0.0854120793762073,0.0722101047174721,0.0260880395868653,0.000270719439991591,0.00673682503126216,0.00143540094328617,0.00401526596622905,0.000576614696125886,0.0149805857749467,0.00181389117878368,0,0.000923245076968464,0,0.000178158415237573,0.00112504713169856,0,0.000982766734486915,0.00537732020184013,0.00384907757824277,0.0124730886882999,0.00203372566007243,0.000190512402772014,0.00633809426605733,0.000140856627637816,0.00244482869658913,0.00216425406662651,0.00135960374329515,3.07217591332702e-05,0.000164662771034918,0.000158825492028753,0.0011502981285348,0.00205531820712726,0.0050808937983628,0.000370404471821912,0.0333454833450385,0,4.19418437880245e-05,0.00251702816713508,0.0160941564452596,0.00595580747166962,0.00175706587288205,0,0,0.00034122682635678,0.00204931049459844,0.00328448589147408
0.0900781580714527,0.000114951977697834,0.018786614071003,0.0208748647698829,0.00830646838762425,3.99369247812947,0.750269581895548,0,0.0279371271426962,0.865063800096363,0.0218937128726168,0.152858624905075,0.000489047547694567,2.68423819524983,0.017210188112206,0.00245831072800701,0.0682955171965179,0.0235454424417149,0.0109628388946579,0.12318850218441,0.025586550106152,0.00157016895382879,0.0646711572718836,0.0728412921892978,0.000704539446927388,0.00637558415343706,0.0185886731522993,0.126452831675316,0.235970029622313,0.177602186042759,0.000220804246930448,0.126279001068734,0.00351223736557543,0.288191263757313,0.00160614050360124,0.0223527504630435,0.0217445103204715,0.236992947507242,0.0313434326083819,0.257038734332223,0.149475301037001,0.000284331829065204,0.00106383766929565,0.000207126985133159,0.00126500680455831,0.000455979540706084,0.00569340465815668,0.000450815378646885,0,0.000730883156541662,0.000159239167644245,0,0.000974319082420295,0,0.000172720523173187,0.0017143269494007,0.00106671444999591,0.00366158395844364,0.00134927460385742,0.000159205042593206,0.00375944074303262,0.000118740247407845,0.00038072306348994,0.00036857065346442,0.0005987386598271,0.000133506636688187,0,0,0.000180469548021917,0.000167355974517028,0.000915770660325992,0.000176020461893737,0.0123429983259741,0.000131661394955013,0.000127127399731443,0.00136866640770327,0.00637381845668036,0.00227019091243316,0.000298532021679692,0,0,4.67761927163215e-05,0.000521421422010586,0.000741559305908512
0.0397069203662215,0.0988205359540287,0.00413527233868747,1.24835529587285,0.000528480601809586,0.0425858497684392,0.141002421501457,0.0279371271426962,0,0.356701046156211,0.00498633607298783,0.972548754013225,0.0371226408625442,0.0318770705085589,1.06088919865065,0.0186245403823011,0.00528801804135004,0.000838340488990858,0.00219042403660666,1.53041309314239,0.00136911750432313,2.77991000462433,0.00253189200957304,3.73454218627215,0.0474535686274783,0.00275938484645194,0.0963003117832623,0.523045075736377,0.0636565177580341,0.0119164394989301,0.00271337977283068,0.000167275690798385,0.0106964497569333,0.0226886973437253,0.000821587479291588,0.0572282839887758,0.0119614627345692,0.0662844325320223,0.0203968786582967,1.52092547973888,0.0402503679154075,0.00177672796642012,0.0327919131435858,0.00395152836383344,0.0222902975159124,0.00415162339397708,0.144107279178018,0.0160036752999302,0,0.014020062233836,0.00139604567145889,0.00231158905894089,0.0494879724452804,0,0.00941564797108463,0.0370687716893385,0.0285635395230652,0.986739868182003,0.0313959709377527,0.00157446767396344,0.109501586211454,0.000161358067691186,0.0188362041789348,0.0205974261527872,0.00976334029634696,0.000236931824117076,0.000535429623218911,0.00102284511775082,0.0724534873614693,0.00403539360777234,0.13888785663206,0.00230032637396705,0.306251333135021,0.000264083201831977,0.00100336624436815,0.0031875724869935,0.116761381576552,0.0395538320143965,0.00944895729970502,0.000240872584425492,0,0.0042222802084213,0.0127087820527971,0.000636803771478329
0.0146627197447563,0.000113132691188779,0.0027362380794695,0.544807378348745,0.000593949707721299,2.58437901254185,1.67034014051675,0.865063800096363,0.356701046156211,0,0.00500510777791085,0.787727135108136,0.000322217708041539,0.210878895812074,0.0021537013778934,0.000185363457121729,0.00281571938124578,0.00636149537540936,0.0028331086566898,1.2031063032196,0.00278324425864997,0.00017580749629052,0.00682684790745272,0.17065829999201,0.000649339004366921,0.00198640224594952,0.00337336099082433,0.986496252043959,0.201447006678293,0.0112549373219858,0.000106469299736673,0.000215943711017639,0.0015524384756547,0.0789524483880874,0.0182954435170069,0.0242565501243802,0.00556748388217489,0.150682779311667,0.0138944881424698,0.248388665841771,0.0543748767027247,0.000391730259691195,0.00195519240541714,0.000437617806414297,0.00291788182972995,0.00017923396983417,0.0199727962952928,0.00145393610101006,0,0.000451845696862527,0.000119349155506166,0,0.0056009696809388,0,0.00327675882419064,0.0100695682352625,0.0064451495673624,0.028891867185179,0.0111703752061636,0.000156116881750306,0.0264710848405273,0,0.00303873523671,0.000563953233187758,7.39201131491756e-05,0,0,0.00023537738979727,0.00846739919559783,3.41212796462884e-05,0.000672064099206558,0.0002693226445988,0.0316559578026234,0,5.88146682515903e-05,0.000371221815805801,0.0151091939616932,0.00612503275125221,0.000237199009829483,0,7.54206623053248e-05,0.000103337376150181,0.00179977747950442,0.000543808676883961
0.00129883551919571,0.0110053477827309,0.00138639005388568,0.000434740020501918,0.00119050567399243,0.0136964863474655,0.0012435780205911,0.0218937128726168,0.00498633607298783,0.00500510777791085,0,0.00600988721429065,4.63365333456441,0.0189708900384063,0.00115245054326115,0.00508663980704019,0.00221061944557315,2.27077159131962,1.37604958404345,0.00274688707528351,0.00305311340403218,0.0514118071284784,0.00381081901356874,0.00667645985397162,2.41359777753075,1.11142280066558,0.243447023153168,0.00236811825700074,0.0303198360652705,0.00436897339614569,0.143257934028459,0.00092659340355716,9.8784658127763e-05,2.34444810126916,0.00205508591932926,0.127067986122067,0.375414705316634,1.56284095292179,0.0877904686869426,0.0206819518302643,0.0153792150476002,0.553174946260917,0.000914412251130583,0.00536224910720067,0.00117511626085606,0.000934329264395501,0.000314390822222657,0,0,0,0.000185200391445143,0,0,0,0,1.86652655438692e-05,0,0,0,0.00515534985821548,0,0.007481570999568,0,0,4.83514341049433e-05,0,0.00466988373966125,0.000104565147534175,0,3.96069306862678e-05,9.98317922951603e-05,0,0.000143990706702641,0.0174451163458024,0.0126585718990813,0.019134323364878,0.000271074985121816,7.01294865328725e-05,0,0.00727728468187799,0,0,9.51806164750787e-05,0.0011908711862687
0.00153349892888883,0.000101398133528441,0,0.789407788328863,0,1.07426668799163,0.00593875718197276,0.152858624905075,0.972548754013225,0.787727135108136,0.00600988721429065,0,9.13892144313645e-05,0.0257892226188961,0.99131806626084,0,0.000131058560363915,0.0100082598789572,0.00347389435627711,6.38188305949781,0,0.00119611381494503,0.000915840065544724,0.137950601628584,0.00105394756258958,0.00185200114517859,0.00317818181166141,0.0512104901233596,0.0901152150879281,0.00134298920936185,0,0.00105710723602886,0.00015317468654725,0.0769097429087399,0.00069367703035429,0.00861557951253903,0.00268616717222591,0.157190388200421,0.0134929789299568,1.58785442946412,0.0500656104556868,0.000115584497470334,0.00140695109428708,0.000279239016155002,0.00158124453429392,0.000472853472940141,0.0055437057392339,0.000829607188505155,0,0,0,0,0.00126836148323328,0,0.000596262718725861,0.000745665379292479,0.00149241554856717,0.00730001562922074,0.00285056189684511,0,0.00683609223239832,0,0.000360900244319282,0.000836809044577114,0,0,0,0,0.002788950287465,0,0.0013466963552187,0,0.00625384449683605,0,0,0.000373133694163738,0.00312717364820644,0.00138113682128882,0,0,0,0,0.000121583319846576,0.000123240907309724
0.000427005580668608,0.0991580462031271,0.00240707906082892,0,0.000113152580350932,0.000186678897489679,0.000770057441846427,0.000489047547694567,0.0371226408625442,0.000322217708041539,4.63365333456441,9.13892144313645e-05,0,0.00132959578608449,0.00405518905736091,0.021448128467568,0.00233575402608841,0.00758073052492306,0.000537388782308874,0.000806591900370926,0.00315978612320884,0.420537546296252,0.00560773945882359,0.0230292674219067,6.07256684828448,0.0461152401335861,0.294170661201107,0.00255040894409054,0.00109241553042586,0.00207290307218182,1.60739232370423,0,0,0.065002284814752,0.0029923011766782,0.384364002618124,0.171611989314571,0.657553595517066,0.1991877029098,0.0364156615918054,0.129422904825626,1.27145948821873,0.0024100354980412,0.00799642374748254,0.00188239232889462,0.000643561029938206,0.00116638843123422,0,0,0,0.000844246162389584,0,0,0,0,0,0,0,0,0.00484198762225515,0,0.0340454861267966,0.000108877175344933,0.000108204207218542,0.000178907195255982,0,0.00576088142377685,0.000243345153214565,0,5.23761955061965e-05,0.000624322952300759,8.97762372493857e-05,0.000617277998485769,0.0249396179350551,0.0163500954804899,0.0343098138351365,0.000399438742978384,7.27118807149823e-05,7.96918429927691e-05,0.0147851158532386,0,0,0.000301529689367731,0.000792107023356209
1.56895864049763,0.000498722619645692,0.012268783701752,0.0198521504592655,0.0042754595707824,0.442968996973867,1.699335576337,2.68423819524983,0.0318770705085589,0.210878895812074,0.0189708900384063,0.0257892226188961,0.00132959578608449,0,0.00344930976233266,0.00323062713123767,0.0749137287073789,0.0181438581398172,0.010820640749412,0.0357655102607101,0.0191581820232082,0.00215627153457148,0.0473628366064069,0.0772143825056553,0.001360771967751,0.00619859410984761,0.0188665341444225,0.132659339603536,1.62480656884336,0.242058484426302,5.87553945765769e-05,0.403550942226466,0.0160837840218437,0.616195943916524,0.00159701040353233,0.0244905940725809,0.019675480000511,0.221576426611174,0.0284878617027356,0.0860045408332013,0.166508555324329,0.000149114061129406,0.00242600922666458,0.000399478124494331,0.00168962512194099,0.000361845453273638,0.00620710870043206,0.000740773040281542,7.36643483721239e-05,0.000567654936670828,0,0,0.000957875329334281,0,0.000221285291874577,0.00286920363942107,0.00154125788830712,0.00587406410223361,0.000578992885185599,0.000344410550835061,0.00224843964882945,0,0.000951179105125165,0.000755616280079705,0.000151569507976939,0.000112741956870324,0,0,0.000702416706868086,0.000645509195899469,0.00236967284053394,0.000115250542404992,0.0159695666171638,6.77611031737924e-05,0.000116638988441538,0.00119603354214114,0.00725372496866868,0.00304684836786024,0.00103074762833307,7.57598597123724e-05,0,5.17236199245618e-05,0.000680625045123998,0.000724476937149259
0.000455681141123196,0.000911601525854962,0.00168320715520381,0.00307084412203116,0.624461097558154,0.132289039871062,0.00418665748051473,0.017210188112206,1.06088919865065,0.0021537013778934,0.00115245054326115,0.99131806626084,0.00405518905736091,0.00344930976233266,0,0.0129227553578266,0.000446386998407655,0.00014117909243229,0.000838700083539846,0.0131170837954307,0.014687459560448,0.0149022356311765,0.0231371426367656,0.0103885376657713,0.00239451844869701,0.000141859542715298,0.00573965404115846,0.00757499653154209,0.00213486693766778,0.00890006205673129,0,0,0,0.00545208320952039,0.0155160445404962,0.0380667586761832,0.0411782475445679,0.0261629845557102,0.0467705464982326,5.30437124652544,0.006050346031996,0.000401621924791262,0.00437944160466279,0.00424309216376846,0.00842955304409623,0.0217892962115513,0.00384256841479429,0.000340613978052191,0,0.000253787086227048,0,0.000110183238095221,0,0,0,3.3560669556744e-05,0.000545627380622188,0.00671971964854404,0,0,0,0.000359253460260507,0.000225718475900536,0.0148317096823318,0.000147697921783329,0,0,0,0,0.000955296327151566,0.0137323520541841,0.00287897334342707,0.00528825540624714,0,0,0.000792035812000641,0.00201056987709679,0.000525198360311485,0.000725171781548978,0,0,0,0,0.0212166479096277
0.00115934288510992,0.0931384996202415,0.0422204352670002,0,0,0.0002051005809406,0.00945722758425588,0.00245831072800701,0.0186245403823011,0.000185363457121729,0.00508663980704019,0,0.021448128467568,0.00323062713123767,0.0129227553578266,0,0.0139281109705405,0.00175875813104662,0.00323248406000953,0,1.23932687105643,1.36102900076884,1.03461690046323,1.49388485153007,0.0222007687688929,0.0056070018227434,0.879542199241004,0.323129313843328,0.000264129655126245,0.0446562192690649,0.000418152272475815,0,0.000574049810403807,0.016205840690359,0.0188626757861663,0.443409124455701,1.02900525993187,0.15409264366538,0.277973470594104,0.14767835655003,0.018793306483731,0.00374280948426959,0.074406057931795,0.018199339957373,0.00428076030880986,0.00770990468526678,0.011197178439484,0.00180051116757181,0.000301046996285816,0.000589143167010195,0.00170616481163105,0.000592059146966531,0,0,0,0.000548882446388637,0.000111679527651905,0.016720870763896,0,0,0.000383949019481192,0,0.000345442474226136,0.00819023309902425,0.0690938206328762,0.000900269986678205,0,0,0,0.00756772707592142,0.959194249695462,0.00223502609695147,0.0705283067687134,0.000365805069960071,0.000184052505547001,0.0240217432471383,0.0124006061498776,0.00129452697251246,0.00522930937643537,0,0,0.000561417105977569,0.00101191445773923,0.0108167779162787
0.0678150881903757,0.00594148278889566,2.5769712489306,0,0,0.00227640941609101,0.101246584080505,0.0682955171965179,0.00528801804135004,0.00281571938124578,0.00221061944557315,0.000131058560363915,0.00233575402608841,0.0749137287073789,0.000446386998407655,0.0139281109705405,0,0.00651522555712823,0.555263594514687,0.0007534977569797,0.11850056694039,0.0125278425951496,1.67812598593761,0.0192193044030936,0,0.354141474384708,0.440858817650592,0.0411318239720641,0.0133123766284032,0.14488227610231,0,0,0.000895384426351328,0.312740675928235,0.00280391597323268,0.137989432732426,0.931428342238214,0.29702358915855,0.188186630333972,0.011910594121243,0.00946303549021659,0.000522020713734792,0.000169865177517985,0.00571880742586774,0.000483294020591692,0.00162611533839396,0.000780440957434131,0,0.000362550753453482,0,0.000215554800872295,0,0,0,0,0,6.32164304660457e-05,0.00105930282656178,0,0,0.0002624349829429,0,0.000159744131491748,0,0.000211593554276014,8.30414836379412e-05,0.000227789658623759,0.000111060352225224,0,0.000194472868644684,0.00231881724212623,4.04676106786962e-05,0.0012491827894679,0.000562190751663251,9.21893846137336e-05,0.00878314436594226,0.00063884912485783,6.70393577425754e-05,0.000447450223788906,0,0,0,0.000223339760341511,0.00120828853650245
0.000687491827434328,0.00457635586611255,0.00387035532278732,0.000906930136821364,0.00094529049076652,0.0133911729914286,0.00158456701755566,0.0235454424417149,0.000838340488990858,0.00636149537540936,2.27077159131962,0.0100082598789572,0.00758073052492306,0.0181438581398172,0.00014117909243229,0.00175875813104662,0.00651522555712823,0,3.77508767064728,0.00311565380034662,0.00128178379815944,0.00159873923301925,0.0021051017334476,0.00203851443094573,0.0426650490467548,0.870501970517333,0.164634338163492,0.00215471562513986,0.0305527723883845,0.00125400381788505,0.0482578106722356,0.00158979563375179,0,0.396884625832472,0.00219708925746584,0.16032426463075,0.480537229327405,0.871955719922106,0.153803179827059,0.0304815454245781,0.0256597575502162,0.00510341167056239,0.000966094171025892,0.00907046445266333,0.00198406766320823,0.00105914752692295,0.000563135213909383,0,0,0,0.000304544557018418,0,0,0,0,0,0,0.000251062288216359,0,0.003444725172138,0.000178715533564049,0.00492871380057702,0,0,0,0,0.00419925640477991,0.00020673906410662,0,0,0.000385147539208125,0,0.000189371402315818,0.00779999444944286,0.0114219241017133,0.0246514096284197,0.000132149823489244,0,0,0.0125959451270715,0,0,0.000303113288437507,0.000752009478872116
0.0153073580394473,0.0109554250239729,0.172498962731761,0.000527072478419559,0,0.00533351039508636,0.00893247412247866,0.0109628388946579,0.00219042403660666,0.0028331086566898,1.37604958404345,0.00347389435627711,0.000537388782308874,0.010820640749412,0.000838700083539846,0.00323248406000953,0.555263594514687,3.77508767064728,0,0.0021509270298238,0.0210774084569359,0.0040655776214437,0.0434358775780027,0.0037292039517523,0.000346786290924814,1.08647620431494,0.372357381224373,0.0095039710551819,0.0167816117585258,0.0142599195163173,0.000921141023242287,0.000188637134680175,0.000937380786230541,0.554182396154692,0.00609440198332604,0.310511118949953,0.844863149989703,1.83603430945273,0.589315948268283,0.0297371153770934,0.0242144345940224,0.00113037942137811,0.000710195918866357,0.00135512182263045,0.000354078985481229,0.00225884223907348,0.000219454905688376,0,0,0,0.00131492147197673,0,0,0,0,0,0,0.000185586376519052,0,0,6.24947398474894e-05,0.0002611920486764,0,0.00133729961360979,8.5358841995134e-05,0,0,0,0,5.36734652061038e-05,0.00183811935328503,6.20370489149173e-05,0.000339751671360968,0.000793896124398348,0.00104139797734442,0.00575679900766535,0.000124191475255053,0.000122983124957879,0,0.000666066853838132,0,0,0,0.00382141112538067
0.00780408753478351,0.000183993722802644,0,12.3876192768081,0.000413757300824437,0.212996977058407,0.00759329202875091,0.12318850218441,1.53041309314239,1.2031063032196,0.00274688707528351,6.38188305949781,0.000806591900370926,0.0357655102607101,0.0131170837954307,0,0.0007534977569797,0.00311565380034662,0.0021509270298238,0,0.00031633809710757,0,0.000314349686444797,1.36597604989448,0.000269877993730011,0.000514510201587248,0.00131347717128873,0.191778678152375,0.0819284632567834,0.00178396344456752,0,0.000556352609475451,0.00292561580668632,0.0465229027881479,0.000466351110492685,0.0145945476704734,0.0042148847405124,0.118510070786708,0.0178244231401818,0.339151733979471,0.0584019987968756,0.000293698714911353,0.00258516697817616,0.000600429676637759,0.00384101557142252,0,0.0338114126233365,0.00346300409339065,0,0.00107651815132759,0,0,0.017515482949026,0,0.00244162454203833,0.00790882425094718,0.0100278381540663,0.0842111904606314,0.0131664122091877,0,0.0534806391094689,0,0.00521829454121187,0.000577598462174408,0,0,0.000140244872763732,0,0.0248510685535586,0,0.000642758482906796,0,0.0398647010333996,0,0,0.000247619264409837,0.021969471305907,0.00638673755358942,0.00023313567015875,0,0,0,0.00248469435923332,6.15455074410632e-05
0.014240573284147,0.0008846183592529,0.270767970186575,0,0,0.00127879442594182,0.107374674348796,0.025586550106152,0.00136911750432313,0.00278324425864997,0.00305311340403218,0,0.00315978612320884,0.0191581820232082,0.014687459560448,1.23932687105643,0.11850056694039,0.00128178379815944,0.0210774084569359,0.00031633809710757,0,0.0161423787107957,4.93727480144467,0.145102289829333,0.00160532790795162,0.010227090890892,0.109199688248451,0.38335799750873,0.0115646374980334,2.40415002550805,0,0,0.00307672290267197,0.456074245020883,0.0229048895521764,0.377921261142292,0.442655591999117,0.86541463998102,0.491376284885564,0.164061103177649,0.017817279345837,0.00199540024183018,0.0117391392107922,0.00445043903854461,0.00228297090055116,0.00554094396853285,0.00389447490780332,0.000262460262576593,0.000216894344957885,0.000342471916034738,0.000126182487153479,7.64988411037434e-05,5.29767027594441e-05,0,0,0.000354731416851139,3.29293745745703e-05,0.00548141317828838,0,0,0,6.84397179386083e-05,0.00012542602655184,0.0030044847270835,0.0130479613194145,5.2357527714882e-05,0,0,0,0.00543464770341812,0.0445047827210949,0.000985305426295218,0.0276604223298332,9.71309678421471e-05,0.00012567556388291,0.00623050722807044,0.00808135153854025,0.001079936545576,0.00347402849538806,0,0,0.000123160705216762,0.000740683261045072,0.00956365281797438
0.00375099991051016,1.39620920653997,0.00846184139899848,0,0,0.000155469497041023,0.00307323832686406,0.00157016895382879,2.77991000462433,0.00017580749629052,0.0514118071284784,0.00119611381494503,0.420537546296252,0.00215627153457148,0.0149022356311765,1.36102900076884,0.0125278425951496,0.00159873923301925,0.0040655776214437,0,0.0161423787107957,0,0.0178870218402374,1.80049695692091,0.68307085731856,0.0192219734917028,1.26694098160157,0.0221817837029477,0.0022128567745491,0.00367875786496872,0.00730553725559915,0,0.000425176565875438,0.0108280327578488,0.000683404613665261,0.0345274891367265,0.0594507210902164,0.0466812752903764,0.029500643830219,0.0155578677655842,0.00221430114924459,0.0152895664588297,0.0210151847512692,0.0272897816603202,0.00435889576490554,0.00367532991809488,0.00852600986000209,0.000218263970309497,0,0.0011770230256135,0.0334072859826532,0.000604186357832885,0,0,0,0.00116656394979232,0.000488768561081803,0.014419770783136,0,0.000343955069098061,0.00151178799462602,0.000796251698332863,0.000617613325945053,0.00248077857541443,0.0255406754873952,0.000280219011212357,0,0.000477298862045542,0,0.00187000514881709,0.246105529989596,0.00125584237187446,0.0301792155837744,0.00679250213208821,0.00145358197627956,0.0638730863963917,0.00780839537550717,0.00174915032975522,0.00243036867975834,0.000485108233538208,0,0.000148837736241171,0.00142345303004679,0.000431014659606553
0.0180170567606752,0.00141181501629784,1.89635800346949,0.000131722894537952,0,0.0042540271598584,0.293927748826874,0.0646711572718836,0.00253189200957304,0.00682684790745272,0.00381081901356874,0.000915840065544724,0.00560773945882359,0.0473628366064069,0.0231371426367656,1.03461690046323,1.67812598593761,0.0021051017334476,0.0434358775780027,0.000314349686444797,4.93727480144467,0.0178870218402374,0,0.0873513430515901,0.00121483238057386,0.0512668333096713,1.11396942746017,0.427289409397548,0.0109794403665307,0.360035611374043,0.00024330434227357,8.08397164658251e-05,0.00146056407116337,0.334950029087363,0.0593444419680958,0.713646557291706,2.05700947876224,0.936498304484442,0.789762822686719,0.265486632204516,0.0322909981716466,0.00340654200188569,0.0114310322157453,0.0132106773207031,0.00501664144310513,0.00912937481540988,0.00236986824744369,0.000993275868605708,0.000457962044706217,0.000261783341870494,0.0018246396580132,0.000344783893677157,0,0,0,0.000263784707791919,0.000149100918145087,0.000593451259351819,7.64919579278418e-05,6.01989815659861e-05,7.99256873905926e-05,3.41847138204871e-05,0.000168677534644602,0.00141427165220325,0.00494634317031577,0.000122521998157482,0,0,0,0.00136634205975374,0.0522316089892379,0.00115273376083546,0.00872913753494572,6.10031899549441e-05,0.00025945317146862,0.0372937411948398,0.00319112698925992,0.000520318035894266,0.000472797305458844,0,0,0,0.000516053743942649,0.0319981105635591
0.0912408846676327,0.196350193682152,0.0337291902801645,1.18666600718564,0.000479631145134376,0.0413095995130845,0.40077578166926,0.0728412921892978,3.73454218627215,0.17065829999201,0.00667645985397162,0.137950601628584,0.0230292674219067,0.0772143825056553,0.0103885376657713,1.49388485153007,0.0192193044030936,0.00203851443094573,0.0037292039517523,1.36597604989448,0.145102289829333,1.80049695692091,0.0873513430515901,0,0.0359326708122234,0.00846259997876706,0.374561440952038,1.48764593240846,0.145226046508619,0.108496466032594,0.00083965533497583,0.000146628794801857,0.0129389639483535,0.0708608994806045,0.00859448780319654,0.182870182663897,0.120116453194469,0.209371531928675,0.0970870001397096,0.211955105346498,0.0790477861726688,0.00281239687622181,0.080688174232816,0.0197788003743998,0.0519245221930898,0.0110621717552476,0.218060985223217,0.0194572869719063,0.000856790838752532,0.0203945430119931,0.00103287178826828,0.00221946620388793,0.0194725499597182,0,0.00863770253729316,0.0556112573707075,0.0391222169486421,0.194985203057993,0.0186097695513635,0.00185831576432617,0.0889097835688886,0.000793733511099119,0.0276043165068244,0.025718784730573,0.0646894588780586,0.00358548561281279,0.000876429956835983,0.001373046804798,0.0226232121544684,0.0319953311787491,0.270987983676314,0.00642961719958148,0.545030358434894,0.000614121484208734,0.0010623100108466,0.0191996777805317,0.240763799603919,0.0880475740419241,0.035702749002364,0.000164542361849913,0,0.00630378951609996,0.0256919787135927,0.00727269397577429
0.000349291965036924,0.546040652734879,0.000291878004092749,0.000330253153287982,0,0.00038771127323756,0.00052617503013697,0.000704539446927388,0.0474535686274783,0.000649339004366921,2.41359777753075,0.00105394756258958,6.07256684828448,0.001360771967751,0.00239451844869701,0.0222007687688929,0,0.0426650490467548,0.000346786290924814,0.000269877993730011,0.00160532790795162,0.68307085731856,0.00121483238057386,0.0359326708122234,0,0.165586988524518,0.430504495462512,0.00187081339993951,0.000832702359249659,0.00064408514227088,0.110694903258556,0,0,0.0565446510556166,0.000548851393930768,0.351685372495211,0.369100649466201,0.135295054725652,0.0188114310847965,0.0117855593475076,0.105020275666979,1.02338888984951,0.0774359820483448,0.0383856047775655,0.00179001704554975,0.000241261596918816,0.000114478241853396,0,0.000394843170370481,0,0.0166609114229617,0.000225244660556359,0,0,0,0,0,0.000117835185820803,0,0.00952655736479191,0,0.107962781673627,0,0,0.00018344266127699,0,0.0128127140336973,0.00106685224054017,0,0,0.00127087045029665,0,0.000199578111773294,0.152995825162425,0.0290364229147845,0.168725910244427,0.000173913266983014,0.000133230953427299,7.7240840518026e-05,0.0356424846324835,0,0,0.000412276159832554,0.00022727698814545
0.00381019858289252,0.0266371309258434,0.699925972274934,0.000144974538856445,9.99302173150356e-05,0.00486474546253395,0.00850220208255939,0.00637558415343706,0.00275938484645194,0.00198640224594952,1.11142280066558,0.00185200114517859,0.0461152401335861,0.00619859410984761,0.000141859542715298,0.0056070018227434,0.354141474384708,0.870501970517333,1.08647620431494,0.000514510201587248,0.010227090890892,0.0192219734917028,0.0512668333096713,0.00846259997876706,0.165586988524518,0,1.78181393373584,0.00738750057068745,0.00903425299965102,0.00616394980229183,0.41064223017286,6.87624482548629e-05,0.000290260840819814,0.159728953093242,0.00787650262108329,0.33988029620375,1.2985856946876,0.582455657764892,0.211739259314701,0.0237422436132089,0.01104887018239,0.00676453884317116,0.00177908246844745,0.0215602605624829,0.00302374805873529,0.00160294181016867,0.000989190813130555,0,0.000163670960782368,0,0.00244433493639133,0,0,0,0,0,0,6.01190052102853e-05,0,0.00876572311118499,0,0.0122164067176043,0,0.000137119281408171,0.000136397419767626,0.000309753909144773,0.00767361028731717,0.000456012882762633,0,3.3254721746645e-05,0.000492578865312586,0.000107776915242407,0.000527873714585058,0.020712629245674,0.0321163454323941,0.0744549949003703,0.000133026487411487,0.000107016331344812,0,0.0125929668660908,0,0,0.000943702019188992,0.00396786911605896
0.0109806691934628,1.40512115429857,2.7454408470195,0.000420502472562389,0.000369324561353709,0.00520550653773508,0.0254434788796054,0.0185886731522993,0.0963003117832623,0.00337336099082433,0.243447023153168,0.00317818181166141,0.294170661201107,0.0188665341444225,0.00573965404115846,0.879542199241004,0.440858817650592,0.164634338163492,0.372357381224373,0.00131347717128873,0.109199688248451,1.26694098160157,1.11396942746017,0.374561440952038,0.430504495462512,1.78181393373584,0,0.0926027276041196,0.0133176857886553,0.0303734907439437,0.102557015436866,0.00030030284297628,0.000149160216742703,0.379242005430633,0.0496148268095374,0.839987028321567,1.6431451202949,1.16236387272529,0.753060703412354,0.103982199219583,0.0416512633397966,0.00568250903595483,0.0392462891476671,0.116022867221584,0.0333669225333785,0.0263916329645075,0.00405120669093371,0.000233708283296291,4.63896486138685e-05,0.000561102267245044,0.0487913165750169,0.00308010286099673,0,0,0,0.00036765530155423,0.000201135738199191,0.00174781134714623,0.000168126937296107,0.0106105928438781,0.000240020334966466,0.0294559754800818,0.000421699074436722,0.000995993980514642,0.0127330268179733,0.00392371502668322,0.00908776848198363,0.00721178518818205,0,0.000630789623767553,0.114917590019875,0.00162176378461329,0.0115686237585184,0.0653029435410486,0.0806134642448009,0.708900778940481,0.00207090753139997,0.000772281591594048,0.000358028867293208,0.0236826954106314,0,0,0.00874844145549131,0.0256554584091367
0.0885992593131415,0.00343003461658104,0.120964484670476,1.60224156567315,0,0.0428788494957501,3.8870439914466,0.126452831675316,0.523045075736377,0.986496252043959,0.00236811825700074,0.0512104901233596,0.00255040894409054,0.132659339603536,0.00757499653154209,0.323129313843328,0.0411318239720641,0.00215471562513986,0.0095039710551819,0.191778678152375,0.38335799750873,0.0221817837029477,0.427289409397548,1.48764593240846,0.00187081339993951,0.00738750057068745,0.0926027276041196,0,0.191479091658735,1.48026615417042,5.49227993351404e-05,0,0.0128299438600474,0.128471352092551,0.0171993423911383,0.301083778524385,0.196927761946,0.453718956618436,0.1946449329931,0.233501720488498,0.0741170477964277,0.0013103366308265,0.0489525962919627,0.00676872186434692,0.0160350953944243,0.00305353110476334,0.0491567419638872,0.00501490284996676,0.000495009950842796,0.0054727454004342,0.000269477041490834,0.00145427646938616,0.00314103037044494,0,0.00220387743793652,0.0125611027401157,0.00945935410856583,0.0521720836796448,0.00783091261881035,0.000371293936459141,0.0206990206024944,0.000175070620837476,0.00683418731498739,0.00783412566804854,0.0235309693110982,0.000592997009212212,0,0.00068291913486923,0.00823081550768371,0.0240683783673321,0.0693478610922113,0.00293905282555397,0.175111099979317,4.38138800800672e-05,0.000494450912576283,0.00791823210666917,0.0892524859094188,0.025668227788446,0.0202802184746299,0,3.23925515586382e-05,0.00258436030890198,0.00668452287315984,0.00930801819712936
1.74112792141718,0.000568665654931749,0.00192470299758903,0.032074276084801,0.0115064256242076,0.0983869981604759,0.115458945426583,0.235970029622313,0.0636565177580341,0.201447006678293,0.0303198360652705,0.0901152150879281,0.00109241553042586,1.62480656884336,0.00213486693766778,0.000264129655126245,0.0133123766284032,0.0305527723883845,0.0167816117585258,0.0819284632567834,0.0115646374980334,0.0022128567745491,0.0109794403665307,0.145226046508619,0.000832702359249659,0.00903425299965102,0.0133176857886553,0.191479091658735,0,0.470022453827715,0.000391837151119007,0.0591118029736489,1.01565662333272,0.920109699179403,0.00242872522366151,0.0409449280243808,0.0103991471818643,0.510864711324593,0.0266822190685312,0.113360008691962,0.107948760078916,0.000459500173415102,0.00345772750394662,0.000581587320131871,0.00243549806305482,0.00052847377825667,0.0109604265387675,0.00136089477719719,0,0.00168942381407714,9.80921079103128e-05,0.000274627801845932,0.000693558775857106,0,0.000540864731970873,0.00512540174532425,0.00296127116873628,0.00714505902295296,0.00154964485418873,6.31472036774147e-05,0.00472517018817474,7.46509153509503e-05,0.00288896905319288,0.000559226028063952,0.000556034682409587,0,0.00020044284763477,9.3653272823012e-05,0.00107100689896639,0.001141341132197,0.00323847865223174,0.000279309767998469,0.033108148626166,0,0.000545091251904832,0.00164191743757361,0.0149746562943372,0.00608556561914756,0.00153618064379564,0,0,0.000325211126512502,0.00111414984271579,0.00106913384637317
