0,0.00028282574985361,0.0575160366566076,0,0,0.00494580011390563,0.298668303947458,0.0415265179365622,0.0160852392457641,0.00307309386901356,0.000796193196845817,0.00105314073697493,0,1.35308206543716,0.001171897289654,0.00107448984887294,0.272726600824801,0.00450715182411823,0.0171402457124468,0.00111904559876549,0.0381208819847078,0.000389599316021165,0.0638226408504293,0.0241515429539626,0,0.0155425521411802,0.00737755163162235,0.0363649422686543,1.51308759785238,0.812271435882537,0,0.000241345018836547,0.351607097089175,0.252276421777161,0.000368001326994069,0.0519230152376293,0.0409234317476589,0.10233346293274,0.030102445315915,0.0247410290611903,0.00458832821943875,0,0.00742241215056443,0.00150125106825409,0.00262988108299348,0.00176102210372308,0.0060360562293147,0.0015828750234737,0,0.00669259536366415,0,0.00014497390206814,0,0,0.00024479244866113,0.00192024933302792,0.00179124616168698,0.00814230309111549,0.00044579576047684,0.000103094658453337,0.000240473966962272,0,0.000299218465285235,0,0.00601843206591173,0,0,9.27934453446456e-05,0,0.00093124442335614,0.00122322272715661,0.000224448027768892,0.0279619651434244,0,0.000186567319905602,0.000626681757235945,0.010832253346764,0.0015270131405745,0.0027247410766615,0,0,0.000881027504045728,0.00114175420585757,0.000513293918740219
0.00028282574985361,0,0.000393264212253806,0,0.000557764576851666,0.000709174232413275,0.000502689629817853,0.000524525829288223,0.868042093364653,0,0.0980041831529965,0.000440907953730331,0.579585344684078,0.000267388167514035,0.0203391805296457,0.070817897591772,0.00131919739161898,0.00254284891797811,0.00079281444819841,0,0.000622475229042026,2.26431381280412,0.000788412459593115,0.223647576664773,1.85688011872057,0.00463001005322271,0.454118563184115,0.00182557135333311,0.000326946503653577,0.000322555994080315,0.0485877180900456,0,0.000209736185113382,0.0107795707630249,0.000189108657544947,0.00444928531852287,0.0316957832777383,0.0121538017782239,0.00276424319172925,0.0113978023549106,0,0.125095912854132,0.0172938002001061,0.0393525805897338,0.0218822597604749,0.00778253337789498,0.00115622414165247,0,0.000259620513337021,0,0.107190920690239,0.00668756883428898,0,0,0,0.000546403491528914,0.00020442533703093,0.0111096138606209,0,0.0128611922104881,0,0.0219864552600243,0.000231588679848738,0,0.00797749354938078,0.0212206382607089,0.000810459341257092,0.00319058490537468,0,0.000541663431462535,0.00643485383455287,0.00162983530897069,0.00367644646153484,0.0282238510199731,0.00915495029732764,0.110121184281529,0.00123405291832748,7.71332393428911e-05,0.000784637614150103,0.0210445084792662,0,0,0.00418347676017769,7.40191106572051e-05
0.0575160366566076,0.000393264212253806,0,0,5.26808697937e-05,0.00674902986617056,0.210921675630234,0.310294210236524,0.000601279182002305,0.00175478320925885,0.00202601058284319,0.000541520227051007,0,0.331775170788912,0.00386835784930974,0.0153230079006048,2.30755739940285,0.00391437070212083,0.05712924951681,0.00018621699241019,0.364734388319921,0.001308310278232,2.90089094769555,0.00841442891758653,0.000226819746092677,0.987387486615937,1.58384115830601,0.0925366998667104,0.0224584738775225,0.422487694123584,0.000142526076231256,0,0.00142580559041208,0.0996993862934864,0.0125633057658826,0.49863653109102,2.1259735265873,0.658730248860165,0.259335008498332,0.0961952781764113,0.041134037825401,0.000127065424627822,0.0418922425476437,0.0786895150133112,0.0175224406580434,0.0122750868224615,0.00697335974590757,0.000693417398917186,0.000166813889952608,0.000687248568321193,0.00383221274597834,0.0325892188340919,0,0,0,0.0013259207430299,0.000651151145426493,0.00359274076069799,8.38846777578102e-05,0,0,0.000377424517980248,0.000483005100067299,0.00124969878746397,0.0246589538251961,0.0148969695331069,0,0.00204373980450832,0,0.00580432016795998,0.00489336806241888,0.0135849974317728,0.0113098514838337,0.000367002126196471,0.00669605551523688,0.0930872312280619,0.00560692660349014,0.000526382871488274,0.00269106079825894,0.000156804591440044,0,0,0.00416547536566724,0.00958062045607687
0,0,0,0,0.00129083681398072,0.050828504224506,0.0532709813571509,0.0041947348357725,0.827239179456654,0.590269612858908,0.000367120881026342,0.0879917684904147,0,0.00882111990910887,0.0296811277078082,0.000145367575444202,9.18023247183748e-05,0.000153644362519415,0,15.7638465860496,0.000130815640180077,0,0.000478476744126792,0.904757880278691,0,0.000125156588712958,0.000377867181716501,1.4932198428612,0.0202819790419563,0.000415944818641865,0.000123675994477103,0,0.000999433116229735,0.00847771112994119,0.000862626359919272,0.0241574039993712,0.00388180648210654,0.0380734695655936,0.00868142057654893,0.156222888599371,0.0104854740884355,0,0.00239530704193429,0.00014396566823283,0.00587013845271566,0.00018516327921405,0.0176197891743044,0.00326915572610197,0,0.000213864411120306,0,0,0.479640133835047,0,0.00491364176125713,0.00396211544587523,0.00313951228735542,0.119558715534832,0.0291062924441807,0.000286406324972663,0.0222323175611065,0,0.000908433091906702,0.000334731539002316,0,0,0.000332372225527462,0.000138053472526732,0.197460991989298,0,0.000174781733420559,0.000160326766943635,0.0991826145116812,0,0,0,0.0765628803940161,0.000598047479458654,6.7701750395676e-05,0,0,0,0.000684771128971104,0.00015509452847725
0,0.000557764576851666,5.26808697937e-05,0.00129083681398072,0,1.13206586978296,0.000111713006247367,0.109854977613639,0.0188465052286239,0.000437572194335316,0.001846376133254,0.0224757520484644,0.000130436724772636,0.0352081825271865,2.67893398851123,0.000217360264661855,0.000819825667318069,0.002005298926701,0.000339742145143151,0.00140307781071088,0.000837775557836363,0.00161080790930157,0.00159165307642726,0.00181199372260791,0,0.000467019087179028,0.000260329111931791,0.00058899852634049,0.0132223748425122,0,0.000836394156261385,1.82732109953072,0,0.364676008912316,0.00218046826009546,0.00435442798208509,0.00340311031599378,0.0141585881166285,0.00436740584825027,1.87415226953092,3.48388191736867,0.00117499926510232,0,0,0,0.000511258926493896,0.00145736879040799,0,0,0,0,0,0,0,0,0,0,0.000138950330442545,0.000228728693751578,0,0,0,0,0.00191596158117957,0,0,0,0,0,0,0,0,0.000157196841269994,0,0,4.28759918938435e-05,0,0,0,0,0,0,0,0.00154532713729735
0.00494580011390563,0.000709174232413275,0.00674902986617056,0.050828504224506,1.13206586978296,0,0.411095620538858,1.63550297593221,0.0377759320934702,2.48472033058262,0.0455256348580481,0.459306526465368,0.00241527759524176,0.278923593778137,1.22553449002165,0.000778512884676774,0.00400366497878127,0.0269520981447451,0.0145818506891665,0.092756800270247,0.0031489500252249,0.000301424335235513,0.00314809401948075,0.084353136865672,0.00011447030200182,0.0129639958850753,0.00586845903316468,0.176739858225537,0.16919032666524,0.00384709297676717,0.0055642051733896,0.0387221986892884,0.00189404206864545,0.150222833190904,0.00326636890418839,0.0746866140009435,0.0141862725738523,0.35726420251268,0.0244503375754888,1.13678686999961,0.0849373449999136,0.00101123389262605,0.00213379673042024,0.00102531984165483,0.00262383725015092,0.00139173572293621,0.0073833741218188,0.00107377006549395,0,0.00132117935971188,6.14191433925826e-05,0.000107552550182835,0.0061877778479973,0,0.00162591021408667,0.00158725085600323,0.00187270080146584,0.0128683160574007,0.0075564189336803,0,0.00671271576985009,0.000739212432369535,0.000636079479131711,0,0.000447966534657356,0,0.000536019112924195,0,0.00588514027637891,0.000161137723187746,0.000408547457685857,0.000137393427475872,0.03699142597248,0.000949809707966429,0.00124226447627048,0.00284348268787077,0.0180471321741669,0.00103541502715389,0.000851762110581977,0.000273257088765331,0,0.000511355082489276,0.00120777460967875,0.000708419316322622
0.298668303947458,0.000502689629817853,0.210921675630234,0.0532709813571509,0.000111713006247367,0.411095620538858,0,0.714312162020387,0.0677436225749242,1.29636610451846,0.00692402557034056,0.0154709973852962,0.00034907081284131,2.10501341652654,0.0171861200963832,0.0149448368358527,0.0547088869636397,0.00427269816752697,0.0056358171225296,0.00205376486744589,0.199437662123254,0.000895269194506504,0.13180169010293,0.249013644413704,4.72630373369435e-05,0.0136769607783079,0.0249490698723466,4.11324871805375,0.313987086062458,0.847899639152559,0.000669589462602717,0.00115818151249198,0.0234319284954795,0.092877395497565,0.0105404280268058,0.237715879905863,0.0832250595208857,0.351455780167669,0.114611656296628,0.277321180579925,0.0451796317137149,0.000605554813287404,0.0279068092892808,0.00341896055166731,0.0167913543468773,0.00496171941068826,0.0525566459861809,0.00582958623793829,0.000365895189123186,0.0140285375450127,0.000287913573862281,0.00113884585322525,0.00529709321180521,0,0.00281285365048969,0.0168296840731669,0.00859596641941048,0.0412695098659557,0.00589125445624054,0.000331863403062816,0.00864974895048246,0.000962096159687495,0.00515784615759685,0.00340637966431004,0.0186141043293863,0.000752218568254692,0,0.000364610443589069,0.00480640408847989,0.00520421463477889,0.00707113405921007,0.00442493472320296,0.169769010239743,0,0.000260151240150053,0.00631828135162045,0.0818060833330714,0.010226049252562,0.011912514492155,0.000311953303823866,0.00061118709691943,0.0018620554827568,0.00585945347457939,0.00353825769406465
0.0415265179365622,0.000524525829288223,0.310294210236524,0.0041947348357725,0.109854977613639,1.63550297593221,0.714312162020387,0,0.0298083859340917,0.290066567704946,0.0221355344972173,0.116390916448419,0.00140913904968663,2.22933326805538,0.0185266711912268,0.00350398282644721,0.160028767672566,0.0108139452702848,0.0146273251011808,0.0114651677501129,0.0874348507167121,0.000605964749195044,0.114559688518438,0.0565060019129287,0.000173078058183854,0.0347259336910893,0.0176818321857357,0.124886924692663,0.138178419914783,0.0995829898075897,0.00140116247906279,0.185122283319062,0.011101002889361,0.117154200929759,0.00434130509985932,0.111617776991727,0.0627151400269622,0.179626186892948,0.0471274695808735,0.522107142068843,0.110496826236168,0.00137437193264249,0.00824969978692358,0.00173138008762373,0.00736035734596067,0.00173623127170919,0.025224343272988,0.0020992766801293,5.23729286657552e-05,0.00688354557854013,3.82972894018129e-05,0.000355883905604628,0.00071240675012953,0,0.000698427035936996,0.00996464936292224,0.00527259687507056,0.0157401042146224,0.00163029172239054,0.000105468772183084,0.00250432430815137,0.000277556212316094,0.00274967443329232,0.00046837119325299,0.00458691926198221,0.000607388187430958,0.000155575784671791,0.000465275425528801,0.0002781275512415,0.0026097275328725,0.00111249498091972,0.00146374580318448,0.0739857876044591,3.60435194622633e-05,0.000386153715664611,0.00327978372436252,0.0354892335574439,0.00500975710491768,0.00662071171994135,0.00051320514679004,0,0.00121686995610683,0.00340392046059217,0.00154739123087719
0.0160852392457641,0.868042093364653,0.000601279182002305,0.827239179456654,0.0188465052286239,0.0377759320934702,0.0677436225749242,0.0298083859340917,0,0.176143707693555,0.00655442181414771,1.3906011498033,0.0437330801200057,0.011276207138038,0.643510277455671,0.0186271236599275,0.00423697613627939,0.00237634593890276,0.00199047987889051,0.721602159996363,0.001030046747589,2.82600201169272,0.00155569586512175,4.60981814113588,0.107195095396981,0.00228103142810022,0.170740850811181,0.257911196858631,0.0263555519395065,0.010769608855305,0.00515064337592885,0,0.00782188554105157,0.0105855823925624,0.00131365968836629,0.0580080554365513,0.0250161752855918,0.0630454016024421,0.0245048673655897,0.36405215789807,0.0140949107390259,0.00400546685900918,0.0191931971482318,0.00711670231884993,0.0181958728086538,0.00521562337792443,0.0528090723900497,0.00573523345469002,0,0.010948840561225,0.00201565153109045,0.000165641651634033,0.0311355906430651,0,0.00569127408651236,0.0112720319235939,0.00438159970488311,0.966888254749219,0.0262102957791882,0.00037305861833066,0.0237055260056726,0.00120717176369231,0.00249215984657242,0.00363897731861379,0.0858838025490712,0.00172983462130774,0.000667535681687956,0.000405347368305978,0.0593170644065707,0.00407581874705208,0.218840983525491,0.00231073412522732,0.239632503134538,0.00470892855725292,0.00229297708353091,0.00960689873681616,0.0802701958705299,0.00675065828540393,0.00454858503070978,0.000554267429360975,0,0.00231636409031227,0.00509768715970255,0.00071300854062411
0.00307309386901356,0,0.00175478320925885,0.590269612858908,0.000437572194335316,2.48472033058262,1.29636610451846,0.290066567704946,0.176143707693555,0,0.0133857064476704,1.27740363730676,0.000526719178301765,0.188781622131922,0.0110293372776381,0.0011142885416202,0.00200247281534733,0.00749765648033686,0.00667072440985451,4.02772351104769,0.00198089846468434,0,0.00331171951775231,0.215055257337996,9.37557207286461e-05,0.00357978957453927,0.0044643837365413,0.799696436294274,0.173279405363757,0.0030213435812018,0.00129430196739253,0.0016697447615635,0.00159791783028693,0.0550177898964634,0.00626796968905739,0.0999392368043315,0.0178778637794252,0.271287607732519,0.0313088200386225,0.360342526856371,0.0434626016345965,0.000463396287726203,0.00480377250819173,0.000303998129564149,0.00313180295965477,0.000181625411958212,0.0118423200853411,0.00087870727312111,0,0.00063234246050833,0,0.000104547637210517,0.0347929904122601,8.30542745456127e-05,0.00411518725805182,0.00377105567574841,0.00325908259767548,0.0370017695979273,0.0380244996181245,0.000323320248763764,0.0196392891178857,0.000460754457513739,0.000270599961870186,8.32166894974701e-05,0.000346011674535475,8.97967068344656e-05,0,0,0.0387298054144175,6.21805597515956e-05,0.000130587179067447,3.63621444710699e-05,0.0786334298126448,0,0.000283295085812672,0.000960242132462106,0.0517764186672599,0.00127360529295021,0.000376971841496816,0,4.84007539361953e-05,0,0.000558780023005302,0.000916523875985545
0.000796193196845817,0.0980041831529965,0.00202601058284319,0.000367120881026342,0.001846376133254,0.0455256348580481,0.00692402557034056,0.0221355344972173,0.00655442181414771,0.0133857064476704,0,0.0224510720781178,1.99587854765067,0.0397928328399293,0.00164235540771871,0.000716721180527356,0.0232286739734042,1.79243382286139,1.01916753490202,0.00490174314972331,0.0033194239130297,0.0178392425336619,0.00671198085919945,0.00273867116914096,0.495754907327427,0.460102017294389,0.0502141064397989,0.00276412371948495,0.103601779766644,0.00193230794984954,0.216288351504199,0.0305421675335143,0.000422532950536383,1.97014798408846,0.0026059165864944,0.0983443294579769,0.478997224155282,0.913088990021342,0.0725800392572988,0.0471673541912037,0.0170203410415413,0.399332120155433,0.00540668728305568,0.0585216808273167,0.0119762731157643,0.00324067004236791,0.00130252926518714,0.000150439067956188,0.00217700327593472,6.37035468179048e-05,0.00088486597949718,0.000329043428990631,0,0,0.000491805990722336,0.000294147372334184,0.000562328876045399,0.00048739011259424,6.40576940325634e-05,0.276588354774648,5.1085474970979e-05,0.203393310402873,0.000474827561910039,0.00050107949801937,0.000479873034575577,0.000418771202549378,0.00531191525286658,0.0012188332024647,0,5.36107430090631e-05,0.000987823390165116,9.885855861706e-05,0.00192071656432698,0.148257772485292,0.0403602380704554,0.0360041998355144,0.000839461382806438,0.00105900786921647,0.000369744145598749,0.122441020124274,7.50413904376003e-05,0,0.00436397829032453,0.00168097882547697
0.00105314073697493,0.000440907953730331,0.000541520227051007,0.0879917684904147,0.0224757520484644,0.459306526465368,0.0154709973852962,0.116390916448419,1.3906011498033,1.27740363730676,0.0224510720781178,0,0.00187000813039243,0.052404189976079,1.98973655831918,0.000184655697787375,0.000930657836417969,0.0149301662730539,0.00765843001348141,5.0970948472912,0.000928347308634537,0.0012199921652057,0.00196899273437185,0.212538612234976,0,0.00404317335245389,0.00301006774477461,0.0170862862674809,0.0425408813004307,0.00083184420412237,0.00475245941334707,0.00218514599431132,0,0.0548949165050968,0.0068522698990118,0.089084048724805,0.00667497251836687,0.17490967758862,0.003673800710634,1.12986154164383,0.0297724057763208,0,0.00269463149136456,0.000675854279746211,0.0038135916186036,0.000728057884505862,0.0121128335095113,0.000709077575654791,0,0.00381315308110023,0,0,0.215923082240245,0,0.0025323653327489,0.00479960417380803,0.00258364530180489,0.0519287399050046,0.0361775775917981,0.000433442333274949,0.0289879144636834,0.000236421915222346,0.00148518945645477,0.00156602808443618,0.000131290384091296,0,0.000201651720134366,0,0.199119468267588,5.09855809004852e-05,0.000246662385334076,0.000475760613421935,0.0607477631438357,0.00033092394310201,0.000127571111310457,0.00105513941148206,0.0342998351412895,0.00161383366845898,0.000811730152331852,0.000202227230988471,0.000414268532211954,0.000373539848938217,0.000235752004231169,0
0,0.579585344684078,0,0,0.000130436724772636,0.00241527759524176,0.00034907081284131,0.00140913904968663,0.0437330801200057,0.000526719178301765,1.99587854765067,0.00187000813039243,0,0.00134448514577422,0.000556594734651831,0.00244452425043517,0.000219262666840633,0.0332322983807265,0.00155115950863568,0.000970068181368824,0.000683579218214161,0.116421270669746,0,0.00740344029051962,4.25603764322067,0.0205937850554094,0.262228014643564,0.000758656384705436,0.00508394542887072,0.000141558797226884,0.385546015986587,0.0046501889428446,0,0.685655377462776,0.000344039520945497,0.020110131459485,0.10841689714548,0.0976211697870876,0.0136067272641033,0.0059290647186693,0.230963570869577,0.74720617180571,0.00889395685800318,0.0727035042522406,0.020666584055901,0.00200494665220603,0.00214635924838051,0.0129320106470803,0.00417903927362825,0.000438685791858823,0.00143197365735975,0,0,0,0.00045544404108964,0,0.000783731572123526,0.00142095129554365,0,0.292784105904625,0.000139493294931898,0.322007927150004,0.00114751335775813,0,0,0.000476141921571707,0.00610437001651915,0.00308612040780421,0,0.000200113113681564,0.00195187152345272,8.63279626921775e-05,0.000474982631724792,0.369747470800217,0.0498483763820983,0.0885797298176928,0.000442465407934702,0.00131101966539909,0.000158134613976735,0.259514477163819,0.000546626275956991,0,0.0550317947132155,0.000439284794574796
1.35308206543716,0.000267388167514035,0.331775170788912,0.00882111990910887,0.0352081825271865,0.278923593778137,2.10501341652654,2.22933326805538,0.011276207138038,0.188781622131922,0.0397928328399293,0.052404189976079,0.00134448514577422,0,0.00297334348282171,0.00176236407948949,0.253382353259889,0.0159290469849762,0.0231625166027993,0.0109588560540142,0.107881960205123,0.000582477287560675,0.175499439951653,0.0265885249617271,0,0.0371909790630218,0.0161781297781449,0.0782583168983746,1.27994842908923,0.364938585947528,0.00296040087738493,0.0983270621466514,0.00589612366295636,0.221957600654433,0.00174395492674773,0.0685805595335391,0.0660532443661746,0.218336523471702,0.0369028717370133,0.504212401850515,0.248732448253499,0.00242522066259088,0.00632852952940578,0.00147919302140265,0.00328217341860538,0.00110095079380662,0.00768873855515734,0.00125485911981656,0,0.00496983077594172,0,0.000901401043654851,0.000363202623592553,0,0.000248885059563668,0.00476427589293568,0.00295187355705829,0.007655909605561,0.000171754559790165,0.00037437549367156,0.000328617291696931,0.000532638356050209,0.00189638744291435,0.000814324445972302,0.00426321801036535,0.00013022969989243,0.000104754170079102,0.000166790773427521,0.000196358612988109,0.00179583829527715,0.00144316951771004,0.000663697261795029,0.0359461931486005,0.000294539792859644,0.000290924866259253,0.00286630572284649,0.0185062907792451,0.00210622696278229,0.00336593140248204,6.64061430848484e-05,0,0.000702354992021858,0.0014212869279114,0.000831641408893441
0.001171897289654,0.0203391805296457,0.00386835784930974,0.0296811277078082,2.67893398851123,1.22553449002165,0.0171861200963832,0.0185266711912268,0.643510277455671,0.0110293372776381,0.00164235540771871,1.98973655831918,0.000556594734651831,0.00297334348282171,0,0.00835084480373845,0.0017196261724601,0.00163697120759024,0.000255275489609033,0.0177185958140629,0.0171451582346873,0.0115574499763559,0.012172310065187,0.0585418821748422,0.00263791317240269,0.000117839982133193,0.00833265995788565,0.0228619549844976,0.00219522800836661,0.00746119443146165,0,0.00616544742261072,0,0.00260843197068764,0.0715331471218684,0.151342030977913,0.0343964841659561,0.015671153246621,0.0403275446718991,2.33935616465065,0.0496495534679418,0,0.00841202513658587,0.0184096813931382,0.0254664560476,0.0230882777033278,0.0254566120021354,0.000555997095539128,0,0.000730411806197977,0,0,0.00194408435163266,0.00148646583965843,0.000204522269190918,0.000328494503648691,0.000124456945426713,0.00265538364454677,0.00349667103304468,0,0.00154386783723454,0,0.000451163738124476,0.029083032089685,0.00136529720720997,0,0,0,0.00271973222296826,0.00133042947101721,0.0014561490644268,0.00559639263663563,0.00568553349217724,0,0,0.00235298506394233,0.00459440912345998,0.000202803425766421,0.0013650427511806,0,0,0,0.000261540889173933,0.079845193537595
0.00107448984887294,0.070817897591772,0.0153230079006048,0.000145367575444202,0.000217360264661855,0.000778512884676774,0.0149448368358527,0.00350398282644721,0.0186271236599275,0.0011142885416202,0.000716721180527356,0.000184655697787375,0.00244452425043517,0.00176236407948949,0.00835084480373845,0,0.0386483649514215,0.000156195974950913,0.0044926010971401,0.000237827582763929,0.738123678462191,0.726223772250182,1.33214359241149,1.24659742377892,0.00558921360737172,0.00553787080012015,0.806660745607934,0.321804812812327,0.0017612330911819,0.0252940328179942,0.000368294810535979,0,0.000544058327853522,0.0265631173584045,0.0123563259220128,1.0430703149899,0.784167102214598,0.202462281836821,0.224798489476843,0.153788728251256,0.0219631852553621,0.00337919393924184,0.264087298388753,0.127731592569457,0.0483498372174908,0.0738497325149131,0.0339162736827156,0.0117155718303758,0.00145279574923216,0.000636660621277136,0.00676538727622509,0.00891807090574873,0,0,0,0.00607326496093947,0.000625317321080216,0.0199808264632035,0.000213132359678857,0.000279090361342944,0.000470209629289328,0.000575319965240733,0.000748409083536034,0.00187734479689966,2.41746459882659,0.00550549177686278,0,0.000934896477569644,0,0.110418629698561,0.350037649215319,0.259254362507003,0.122965149012556,0.000607743318035207,0.00255427882263046,0.111061111378482,0.0509111364083586,0.000869390495758216,0.0211514343870545,0,0.000111164654778215,0.00052013773059563,0.00587430249481553,0.0100168611298091
0.272726600824801,0.00131919739161898,2.30755739940285,9.18023247183748e-05,0.000819825667318069,0.00400366497878127,0.0547088869636397,0.160028767672566,0.00423697613627939,0.00200247281534733,0.0232286739734042,0.000930657836417969,0.000219262666840633,0.253382353259889,0.0017196261724601,0.0386483649514215,0,0.0425320936666534,1.2906504394777,0.000157476219343547,0.150926776139901,0.00549208735479779,1.63245370526877,0.0234106373134855,0.000248787684499274,0.659360436500127,0.576617616898708,0.0430185735474285,0.0873599066410452,0.308329879387775,0.00234370928930984,0.000676887841418779,0.0112855899863343,0.339727203603615,0.00508981129174654,0.276444073386751,1.41946261557565,0.69184373934363,0.111059320021083,0.0400795446179368,0.0140483617724158,0.000460359920069348,0.0149046086311176,0.0335366514697801,0.00901914868846934,0.00463320762733113,0.00390324155207345,0.00049918966682137,0,0.000230956423233794,0.00387621567496722,0.0094167876371171,0,0,0,0.000772061341838112,0.000188902538429354,0.00238416468140619,0.000103782295957322,0,0,0.000744644384289353,5.95134612619893e-05,0.000429147781097178,0.0101796953284137,0.0092005999444807,0.000371179219615058,0.00122597910402339,0,0.00162967315990744,0.00453996170760584,0.00414973801809563,0.00471667079241151,0.00132475389466756,0.00400035464144424,0.0499817074587815,0.00252131196647138,0.000248539012217033,0.000605765071197461,0.000166504527410478,0,0,0.00274763589725157,0.00397735734391495
0.00450715182411823,0.00254284891797811,0.00391437070212083,0.000153644362519415,0.002005298926701,0.0269520981447451,0.00427269816752697,0.0108139452702848,0.00237634593890276,0.00749765648033686,1.79243382286139,0.0149301662730539,0.0332322983807265,0.0159290469849762,0.00163697120759024,0.000156195974950913,0.0425320936666534,0,3.26932247026545,0.00257640895562594,0.00223611801351845,0.00170794547219438,0.0032101953128763,0.00210095974443384,0.00546950955268424,0.688780275426112,0.0705004163531859,0.00227526479389645,0.0369289095823558,0.00236475031994982,0.116792940282738,0.0107653746620833,0.000474666972582576,0.208758649205422,0.00324219036626285,0.167885724610391,0.579746094897906,0.744125998257366,0.134701666438829,0.0347146896348995,0.0218805009006251,0.0014345228045031,0.00336244750694421,0.0133856013318597,0.00354825063714569,0.00247462122935792,0.000219999219663175,0,0.000308521641727177,0.000774458721453541,0.00158308742448009,0.00011109057295974,0,0,0,0.000411408715172423,0,0.000914167918546904,0,0.000893682870110483,0,0.00935912781075005,0,0.00105521336851222,0,0.00134894951627072,0.000193772034844646,0.00142670686787922,0.000436466846390371,4.65823859393914e-05,0,0.000358911500605023,0.000944302560333956,0.0171022201863203,0.0111256835753485,0.0331732686913182,0.000582932696051923,0,0.00042016510244211,0.00497452759174197,0,0,0.000692633895013367,0.00321823362123552
0.0171402457124468,0.00079281444819841,0.05712924951681,0,0.000339742145143151,0.0145818506891665,0.0056358171225296,0.0146273251011808,0.00199047987889051,0.00667072440985451,1.01916753490202,0.00765843001348141,0.00155115950863568,0.0231625166027993,0.000255275489609033,0.0044926010971401,1.2906504394777,3.26932247026545,0,0.00212982795797205,0.0165861506011474,0.0019505043128778,0.0429341057963261,0.0024816824702127,0.000883976282876264,0.52035387661346,0.16227159324029,0.00510099422313744,0.0302045952549697,0.015517255981199,0.0177223011653615,0.0014738437402588,0.000258231676966182,0.407949622878891,0.00881353013603897,0.331913839082846,0.942848488136453,1.55243953460411,0.145309367171026,0.0323123389603095,0.0182128868922783,0.000628236126974102,0.00517542921105643,0.0228726902807089,0.00803347406149559,0.00683486114576928,0.00103780493548422,0,0.000808409114657849,8.79781856831493e-05,0.00145617775304826,0.00237879397436383,0,0,0,0.00025340229614387,0,0.0014681497233214,0,0.000500041352893661,0,0.00399851791183094,0,0.00159417653800081,0.000765587115140261,0.00406199816054748,0.000161437799886954,0.00231169638764328,0,8.49530884329255e-05,0.000555661228132197,0.000441661784886736,0.000523662020045124,0.00547033124142218,0.0153874047468528,0.045057078338131,0.000711228720038179,4.69430740826157e-05,0,0.00147086890500488,0,0,0.00322427526442359,0.00533515884664619
0.00111904559876549,0,0.00018621699241019,15.7638465860496,0.00140307781071088,0.092756800270247,0.00205376486744589,0.0114651677501129,0.721602159996363,4.02772351104769,0.00490174314972331,5.0970948472912,0.000970068181368824,0.0109588560540142,0.0177185958140629,0.000237827582763929,0.000157476219343547,0.00257640895562594,0.00212982795797205,0,0.0012078380358116,0,0.000597075535255773,0.832136028764104,0,0.000699747971076375,0.000872927212126335,0.179790372596516,0.0265026388188903,0.000229481107689787,0.000689528485496894,0,0.000189001133399223,0.0137593592559053,0.00105911258346724,0.095248179213695,0.00500769093921996,0.0829049590452154,0.0108796388111577,0.338027828841841,0.0226636161438792,0,0.00550200935246799,0.000288107499427585,0.00433172018876441,0,0.0225639096986035,0.00234573718585333,0,0.000966906837339429,0,0,0.112614262725377,0,0.012278568604139,0.00464117766619435,0.00496797464675434,0.0989989279493689,0.0684857508580887,0,0.05712097096773,0.000299108083363874,0.000645647392109316,0.00227823858568025,0,0,0,0.000102458597689087,0.162292509637116,0,0,9.79302898458378e-05,0.116540490711459,0,0.000161498010338111,0.000111352783989094,0.0745871859707144,0.00189339038370772,0.000281248244730669,0.000223981396088131,0.000324035498923823,0,0.00103089018726383,0.00025733673185812
0.0381208819847078,0.000622475229042026,0.364734388319921,0.000130815640180077,0.000837775557836363,0.0031489500252249,0.199437662123254,0.0874348507167121,0.001030046747589,0.00198089846468434,0.0033194239130297,0.000928347308634537,0.000683579218214161,0.107881960205123,0.0171451582346873,0.738123678462191,0.150926776139901,0.00223611801351845,0.0165861506011474,0.0012078380358116,0,0.00110070736765361,4.64051951033438,0.043845484156626,0,0.0141431630584393,0.0421644557281039,0.776545944153941,0.0174745764492653,2.03860139820272,8.99965873991521e-05,0.000113754336381588,0.00688271179713285,0.377431076416653,0.0315608656342461,0.868461755240837,0.626151259393301,0.980629919767833,0.519342251095784,0.28893921261454,0.0435252601073758,0.00133018706130237,0.0567843911939635,0.011087948971127,0.0116435880898426,0.00919579870406523,0.00508666535529308,0.00177650019621666,0.000305988900615688,0.000999736633127746,0.00047879258790798,0.00198269043259468,0,0.000646823849632609,8.14083725666165e-05,0.00280866516466242,0.000669629717537752,0.00969989453628195,0,0,0,0.000332119593216451,0.000638153592108306,0.00202796085703037,0.188319344884491,0.00134062421265113,0,9.12659459197909e-05,0.000267624610624942,0.0445716960926267,0.0141345064944868,0.0280309934968953,0.0415265985427848,8.88355098518398e-05,0.000289486086529315,0.00693787587798559,0.0323600831151411,0.00113582021913302,0.0172406317809828,0,0,0.000444310125766925,0.00331706582984992,0.0148533804724514
0.000389599316021165,2.26431381280412,0.001308310278232,0,0.00161080790930157,0.000301424335235513,0.000895269194506504,0.000605964749195044,2.82600201169272,0,0.0178392425336619,0.0012199921652057,0.116421270669746,0.000582477287560675,0.0115574499763559,0.726223772250182,0.00549208735479779,0.00170794547219438,0.0019505043128778,0,0.00110070736765361,0,0.00263337024760489,1.31442967531915,0.240696556003853,0.00248582843290562,0.566227637191003,0.00486592515817291,0.000683795187767631,0.000821827348977749,0.0104228559784243,0,0,0.00319604311594269,0.00102118237946013,0.0269469426834963,0.0606186064105214,0.0142614797609307,0.00375373399471155,0.0132658364343719,0.000200895705559255,0.0101860840617959,0.0392469542562129,0.0341809052142307,0.0150796963979838,0.0108554795652965,0.00487950111045641,0.00020639555431756,0,0.000391141612163734,0.00580885155209913,0.00347473773806439,0,0,4.87080957075735e-05,0.000799836308225034,8.85805194717143e-05,0.00632096679487497,0,0.00205729141594046,0,0.0026157477461861,0.000519779776207751,0.000475523451185563,0.224225269387828,0.00654739741066059,0,0.000548745895380994,0,0.00548099672867486,0.230554805012227,0.0142965479659011,0.0187089984564379,0.0043674145778919,0.00316014787604108,0.070292148087475,0.00985709205930164,0,0.000659558252373903,0.00200794731435896,0,0,0.00264521242354444,0.000769451393273431
0.0638226408504293,0.000788412459593115,2.90089094769555,0.000478476744126792,0.00159165307642726,0.00314809401948075,0.13180169010293,0.114559688518438,0.00155569586512175,0.00331171951775231,0.00671198085919945,0.00196899273437185,0,0.175499439951653,0.012172310065187,1.33214359241149,1.63245370526877,0.0032101953128763,0.0429341057963261,0.000597075535255773,4.64051951033438,0.00263337024760489,0,0.0411777410980288,0.000134219507831065,0.105225434362933,0.581830659496092,0.314054497129284,0.0278278925079649,0.586096198121528,0.000247570239610996,0.000229342334474511,0.00431041881154864,0.350483522104589,0.0471640131143641,1.64562149587095,2.99860485811127,1.27115531947945,0.798815966349594,0.445876521051317,0.0337890142379185,0.00179073796953435,0.105287620652879,0.0247902252534134,0.0120337169060424,0.0153121625216493,0.00793844817470013,0.00137930832393417,0.000753656190303264,0.000538587070122318,0.000542701092330547,0.0106078368247093,0,0,4.87860451130161e-05,0.00171964872098843,0.00021578802286461,0.00303171757575303,5.88487516445801e-05,0,9.93299341969659e-05,0.000215076340333878,0.000655488395183527,0.00322370505264213,0.252371008953998,0.0017372984577585,0,0.000614830996262285,0,0.0194833400835823,0.0182763679002239,0.0617118519380091,0.0251169839732486,0.000269106270032239,0.000957722893081338,0.0705682410731896,0.0137535247307814,0.000516805450984939,0.00373981549747732,0,0,0.000242926888902793,0.00144690739977811,0.0291008078440471
0.0241515429539626,0.223647576664773,0.00841442891758653,0.904757880278691,0.00181199372260791,0.084353136865672,0.249013644413704,0.0565060019129287,4.60981814113588,0.215055257337996,0.00273867116914096,0.212538612234976,0.00740344029051962,0.0265885249617271,0.0585418821748422,1.24659742377892,0.0234106373134855,0.00210095974443384,0.0024816824702127,0.832136028764104,0.043845484156626,1.31442967531915,0.0411777410980288,0,0.0234695105358791,0.0064964677635861,0.319124498426127,2.60731842792308,0.048167729132074,0.0604624796345819,0.00126181332873142,0.000515538735646984,0.0135443705177281,0.0393367158191069,0.00775169408589035,0.265822770428094,0.103042516238676,0.135485514233103,0.068180141672149,0.224244713574629,0.0226004625004038,0.000883200992382242,0.128426403939254,0.0354607028512064,0.0778491796065328,0.0206706826103304,0.206836905587642,0.0284366203085642,0.00125164013049142,0.0570492013843255,0.00248559971188846,0.00793307200448586,0.0547894254672503,0,0.0174238854797317,0.0776921937717868,0.0396828082319662,0.447869005775383,0.0591211866238716,0.0012141962299227,0.0616182642707912,0.00106411364089873,0.0229967252838891,0.0109717011787909,0.360564613656813,0.00538574574230068,0.000997727285534022,0.00316202598290446,0.0570839195203427,0.0464918380485119,0.144555211704879,0.039144655499168,1.04358393223491,0.00158390564871381,0.00386689127839589,0.0587378041462063,0.415403384727513,0.049568434090671,0.078683339107306,0.000804840272183133,0.000862351301549498,0.00902611475261676,0.032495903991891,0.00648800200702637
0,1.85688011872057,0.000226819746092677,0,0,0.00011447030200182,4.72630373369435e-05,0.000173078058183854,0.107195095396981,9.37557207286461e-05,0.495754907327427,0,4.25603764322067,0,0.00263791317240269,0.00558921360737172,0.000248787684499274,0.00546950955268424,0.000883976282876264,0,0,0.240696556003853,0.000134219507831065,0.0234695105358791,0,0.00804041806062759,0.490604208800672,6.10262437245523e-05,0.000346539867068785,2.84623822007857e-05,0.252691133706895,0.000357092732215861,0,0.0968793669537582,7.83106969469568e-05,0.00226922720796011,0.0188832599554087,0.0124625988235116,0.00118334793830577,0.00168383618451664,0,0.245167940151005,0.00212073591257295,0.0200545510909434,0.00830465579518232,0.00140419546451608,8.67420427257126e-05,0,0.000457194019685643,0,0.00250279297308728,0,0,0,7.38370177840227e-05,0,0,0.00206765549424774,0,0.108988231654564,0.000391029665708365,0.143544269053473,0.000300902475937002,0,0.000231063543181193,0.000917138535741904,0.000350662001152063,0.000963385307056792,0,0.000538537133609268,0.000849075954466634,9.92966238989837e-05,0.000321825850665419,0.616422433436219,0.00863527239582784,0.0738682149492879,8.06210424321506e-05,0.000293464019287143,8.03503847017235e-05,0.0451547769290014,0,0,0.00502819826151791,5.38399580600622e-05
0.0155425521411802,0.00463001005322271,0.987387486615937,0.000125156588712958,0.000467019087179028,0.0129639958850753,0.0136769607783079,0.0347259336910893,0.00228103142810022,0.00357978957453927,0.460102017294389,0.00404317335245389,0.0205937850554094,0.0371909790630218,0.000117839982133193,0.00553787080012015,0.659360436500127,0.688780275426112,0.52035387661346,0.000699747971076375,0.0141431630584393,0.00248582843290562,0.105225434362933,0.0064964677635861,0.00804041806062759,0,1.13180585934295,0.00865503731905694,0.0187902445808124,0.0235459557380927,0.18354552432909,0.00342035925609465,0.000169006784784776,0.130182231144622,0.00799129360885031,0.303846857047778,2.75707943714258,0.412825343411841,0.0622779839872268,0.026818904385021,0.00887603890712169,0.00191190210436299,0.0270647930109617,0.188407371608754,0.0488571409617388,0.0139314791472279,0.0054023367454954,0.000471749429669082,0.000750136622453047,0.000334699672473576,0.00769732445748146,0.00975947216442994,0,0.000162364530393927,0.00094618812397776,0.00137950284858085,0.00107023081790834,0.00323879282244807,0.000338586234884726,0.0123402746716416,0.000292581891272868,0.0539967602615452,0.000775036709807168,0.00028113163349416,0.00188440722751617,0.017364971807102,0.00725517241980938,0.0135438182541801,0.000325162664037456,0.00104510774242791,0.00336034506639005,0.00263438111531215,0.00223849190189609,0.0328706724843333,0.194479027584834,0.368326091168685,0.000633442567197319,0.00164595069572538,0.000920463359253612,0.0459445076849677,4.88588325275544e-05,4.23533363925635e-05,0.0167096593363845,0.00687093858813793
0.00737755163162235,0.454118563184115,1.58384115830601,0.000377867181716501,0.000260329111931791,0.00586845903316468,0.0249490698723466,0.0176818321857357,0.170740850811181,0.0044643837365413,0.0502141064397989,0.00301006774477461,0.262228014643564,0.0161781297781449,0.00833265995788565,0.806660745607934,0.576617616898708,0.0705004163531859,0.16227159324029,0.000872927212126335,0.0421644557281039,0.566227637191003,0.581830659496092,0.319124498426127,0.490604208800672,1.13180585934295,0,0.117184565054461,0.0108662705409556,0.0162051703570542,0.228646736509367,0.00058599153583902,0.000712214196181466,0.141797716651942,0.0436826937417294,0.758118396978787,1.77435660936357,0.811632550409479,0.233435994561671,0.116139349258377,0.0436607756712628,0.00197667824497796,0.263213502861928,0.392689912659764,0.191679500717194,0.0732965568376341,0.0316087417961829,0.00456679269712205,0.00101265877111957,0.00101726421893866,0.0492391425833107,0.137976162428767,0.00016787208170802,0.000154438788428517,0.00113987679885838,0.0117475054646,0.00219053070196278,0.020059268448831,0.00131524883041824,0.0158949556886717,0.000801261491875343,0.103129296918347,0.00426629914997598,0.00411116761092899,0.146874453952125,0.116014348140339,0.0063393045845266,0.0309907803865122,0.000238440403880006,0.0147006282801273,0.120986798690946,0.104988429635935,0.0553848950857263,0.134998501423834,0.290148013529558,1.87920865578051,0.0141411934969322,0.00222338097662806,0.00457983404089969,0.0572458077702036,0.000190009849387749,9.92180682610946e-05,0.0614817089760882,0.0384414386751342
