0,0.00127599891494294,0.0405090492217109,0.000149582169101367,0,0.00972201665096532,0.569095069349988,0.0990275204088299,0.0210282871666346,0.0150123121755298,0.00324504954261712,0.00160700145335896,0.000596316720563077,2.05608387812517,0.0013284332652903,0.00249456352953341,0.208160682191742,0.00174885475539377,0.0256073514149713,0.00109863684327568,0.0105208621436674,0.0013221047873755,0.0200297118676282,0.0326199127873628,8.09883094477631e-05,0.00523840386593822,0.0114293445931938,0.07409908825958,1.69649073083396,0.661289353351335,0.000160379681988362,0.00291068052145708,0.0380607459933255,0.115662043341677,0.00018687229504179,0.0160961004924008,0.0273607367484261,0.0559531117646097,0.00949850908991071,0.010880401745797,0.00930646378398966,0,0.00504231353210894,0,0.00807150313375427,0.00231736182730713,0.00826644986797493,0.000928834510594445,0,0.00165449460977825,0.000396961895944854,0,0,0,0,0.00178997425975251,0.000840203917036225,0.00814685505679632,0.000131888789570567,0,6.27094626601114e-05,0,0.000806950612107149,0.00114621085017341,0.0036526082328473,0,0,0.000196947050773824,0,0.000474680130774648,0.00143074497036184,0.000372682886834608,0.0255045428240139,0,0.000206761489548279,0.00115643079322732,0.0040509429197391,0.00358483250090981,0.00343769645452019,0,0,0.00114333752333909,0.00171251712203746,9.48612772568938e-05
0.00127599891494294,0,0.041482027996142,0.000230120205762777,0,0.000138649852455958,0.00059073516584346,9.37488844393996e-05,0.255590905118833,3.98317399156458e-05,0.0294595962719784,0.000698020852215801,0.196125451455538,0.000588546187341036,0.00634005220923265,0.0149612855815787,0.0320485190920134,0.00120620467721549,0.00477258425257842,0,0.000333862571681478,1.29691367031263,0.00115979682795065,0.106937495860913,1.49674770641822,0.0135164414595866,0.715113960339317,0.000879607255723169,0,0.000114878118347463,0.0100478304584202,0,0.000314049267213208,0.0057482371981587,0.000492764961448706,0.031834410427368,0.0856620690278832,0.0652204922884329,0.0274961693106718,0.00210860943287168,0.00220617765636221,0,0.027299092454918,0.0194301372675688,0.0153456180665469,0.0128660668992983,0.00406373810501705,0,0,0,0.14881375879313,0.00940333860483922,0,0,0,5.38483203225588e-05,0.000200488062052504,0.00550534972997625,0,0.00584563206256058,0,0.0043672421882297,0.000445086063992498,0.00115306505385954,0.00757975541136398,0.00650426837067034,0.00118802417251686,0.00558609572249532,0,0.000626548280483498,0.00876276940545305,0.00131890727072916,0.00430496645901507,0.0188021342841007,0.0154735281401677,0.138135957993131,0.000656160396294666,0.000241732185203811,0.000514459345130783,0.00872564378122316,0,0,0.00246217999842906,0.00106959182167291
0.0405090492217109,0.041482027996142,0,0,0,0.0126318765728476,0.32726335414308,0.151330864601126,0.00438492417264204,0.00772168981558035,0.00197089513700853,0.000621778357647145,0.00013643999674982,0.133570875423745,0.00253863226828643,0.0151912383857612,1.93491236646235,0.00221634006720946,0.0647612687422098,0,0.313771638281299,0.0375561224920448,2.41170417074522,0.00986135793401289,0,1.07403419627373,1.43125141188564,0.0581468258630243,0.020813816829952,0.336968596001284,0,0.000566945420868234,0.00315002427359122,0.0834116700960962,0.0035898086301586,0.140257594597576,1.45516498950793,0.273212688080466,0.0919032850576536,0.0271303026200795,0.0108841744025324,0.000707807115066756,0.0572356573146743,0.0350868491968012,0.0226067328625488,0.0148577406434557,0.00436199449733321,0.000349059241044558,0,0.000243407431648905,0.00372861978535655,0.0494010906781727,0,0,3.88923766965563e-05,0.00191620943392132,0.000662255818606601,0.00362249477160374,0,0,0,6.99676346822579e-05,0.000471984066039231,0.00162162778342019,0.0138156553561345,0.0199580135499751,0,0.00505777855990737,0,0.00113659595778589,0.00475058928174746,0.0112390177079825,0.00416719826978534,0.00084310156855215,0.0123121548507061,0.200952582239527,0.00155994847197779,0.000950852074738818,0.0016977234570976,0,0,0,0.00460755893699384,0.00452232046349386
0.000149582169101367,0.000230120205762777,0,0,0,0.00994772107139325,0.00425177944794779,0.00102154597724543,0.399018948771535,0.451023197700768,0.000262046484713576,0.177853730774711,0,0.00134309026835641,0.00258535689049111,0.000133411898546792,0,0.0010007710305671,0.000271625123240138,10.748867940534,0,0,0,0.714732512142126,0,0.000226838160839029,8.32438574099191e-05,0.81562085653166,0.00352431268498582,0.000417222463100624,0,0,0.000563803699716786,0.00217277796273503,1.13143206854533e-05,0.00859754291520895,0,0.00522867270025186,0.00187945276276563,0.0205468585960102,0.00411896200102032,0,0.00212670992646883,7.99181576557309e-05,0.00320551952099268,0.000439444120502254,0.00967300913076748,0.00222150807335888,0,0.000744750429837833,0,0,0.178868675127369,0,0.000402569952253969,0.00218489028151554,0.000909906986625991,0.0203910300837276,0.01486866520146,0.000150159082353429,0.090675954927962,0,0.000864656591009874,0,0,0,0.000115303278470633,0,0.0520145679740616,0,0,0,0.0519421223804417,0,1.92359757831916e-05,0,0.0079349023984876,0.00284034609471856,0.000692810030758905,0,0.000157210497182814,0,0.00129421231345894,0
0,0,0,0,0,0.150432626354865,6.67196647189186e-05,0.0750417396613299,0.000165487119958148,0.000508533210164511,0.000640519343157266,0.00136656394105952,0,0.000697816730174296,0.299668790760487,0,0,0.000151341080722175,0,0,0.000384990566986015,0,0,0,0,4.73482846828489e-05,0,0.000112523571733364,0.000134026885452238,0,0,1.78330062271057,0,0.0396582445382519,0.0109543237931819,0.000331204725390532,0.0016686893967898,0.00295960862332277,0.00142573382030771,1.31688353480794,3.27733322505252,0,0,0,0.000496602674954966,0.0012537057615091,0.00128953421615227,0,0,0,0,0,0,0,0,0,0,0,0,0,0,0,0,0.00195023921175709,0,0,0,0,0,0,0,0,0,0,0,4.85815753446285e-05,0,0,0,0,0,0,0,0.00227816195093775
0.00972201665096532,0.000138649852455958,0.0126318765728476,0.00994772107139325,0.150432626354865,0,0.202987970133108,1.43312683140862,0.0294712553996331,1.67828535057147,0.0302876823583657,0.765331655207313,0.000720307132136925,0.133502991971253,0.206500964205487,0.000535673475056059,0.006142125895991,0.0142575143446591,0.00273032880278704,0.150329645409846,0.0069710803868609,0.00014647142514472,0.005939220392249,0.0219610146079508,0.000129289949615473,0.008779033147984,0.00310635677262574,0.111562980776057,0.100921322362407,0.00795256726721445,0.00109522877446722,0.158610436976208,0.00113446337345643,0.144052681295859,0.00139015183799566,0.0417661320445465,0.0106813568710691,0.147414835045212,0.0152076715530201,0.759047090653738,0.120268460869395,0.000120647449576674,0.00343809961576654,3.29805021649439e-05,0.00320696781613385,0.000817530753064632,0.00526913312720295,0.00130125470239619,0,0.00109371724667727,7.53740795866268e-05,0,0.000644005623099623,0,5.37257163883958e-05,0.00183561875963284,0.000381349132379133,0.0062015047288949,0.00149682097103583,7.50832761653763e-05,0.000130932366618933,0.000282991613005656,0.000572245722957914,0.000219802179012726,0.00136009563452107,0,7.58046966238511e-05,0,0.000570945665000155,0.000305948770126379,0.000344898004752561,0.000210603021773762,0.0271209644910211,0,8.38331163405064e-05,0.000460459755987235,0.00382535301741816,0.0034451242322583,0.00174518961281032,0,0,0,0.00128606232558144,0.000321904820219999
0.569095069349988,0.00059073516584346,0.32726335414308,0.00425177944794779,6.67196647189186e-05,0.202987970133108,0,0.69708389729938,0.0281700428979305,0.733024681751669,0.0061185575906712,0.00528367823151189,0.000134141926272395,0.983871712077478,0.002239808438993,0.0112657303775748,0.0789001354612817,0.00309050699563994,0.00685972269738033,0.00230573343839409,0.361942746068385,0.00250231036547288,0.293523945031407,0.136823751693649,0.000149664255682403,0.0193994223142426,0.0442963716756836,3.12072904033914,0.159695765217881,0.895998623508288,9.53300063224402e-05,0.00166406210760077,0.00893788204226267,0.0641848540708234,0.00589144385396575,0.121240510031746,0.112973373892471,0.203217437019141,0.0691484347704973,0.113150018000998,0.0287226944938862,0.000475950025177922,0.0125961991595445,0.00211870204067009,0.00789085444453977,0.00389953874742375,0.0086459663410212,0.00171662028083135,0,0.00224068055666529,2.92232456721286e-05,0.000525573483879613,0.000434201698301676,0,6.44700799878732e-05,0.00375544467983692,0.00122814841065922,0.00900902811103526,0.000544991199938124,2.51289489743977e-05,6.03222579653988e-05,0,0.00146212828501516,0.0012645026398761,0.0162517395122098,0.000207514773177558,6.46229420315377e-05,0.000173315773919897,0.000288744638276031,0.00117656982930819,0.0025439032410453,0.00343063002809766,0.0537489134001558,2.49721195762544e-05,0.00030298739514806,0.00726584597080088,0.00892698704621197,0.00866554528988199,0.00514055025042689,0,0,0.00139366735482784,0.00323336958701434,0.00378192123594755
0.0990275204088299,9.37488844393996e-05,0.151330864601126,0.00102154597724543,0.0750417396613299,1.43312683140862,0.69708389729938,0,0.00963882888087889,0.546621553184713,0.00886421890488825,0.0780733303929159,0.000235009114613717,1.63826274760825,0.0367256591577226,0.00177316218484695,0.0997405918003695,0.00280223053899929,0.00920755367442951,0.010604848212867,0.0448373386287542,0.000710718583406813,0.0633051148188226,0.0153398949990868,4.54105994580395e-05,0.0161142360276394,0.0195881928651978,0.0529012873188564,0.140833153174772,0.164984297266211,0.000127958987503582,0.0762193213920493,0.00284243151849436,0.0818119098858669,0.00133308946046012,0.0249337480785667,0.0297349419079148,0.0636548639737959,0.0213916393874243,0.411732825766686,0.144923194211827,0,0.00300301602857197,0.000335021819768042,0.00384880635476567,0.000916377072826282,0.00310786399322703,0.000330086537634186,0,0.000606454890743106,0.000131710149320613,0.00057495614888655,0,0,0,0.00120995373130414,0.000724968259665085,0.00228344971181807,4.73342962895255e-05,5.34606452348759e-05,0,6.35979297527718e-05,0.000204477510799088,0.000379339529547225,0.0032765501453864,0.000131737080405256,0,0.000106629400993077,0,0.000288977754910725,0.00123045295871737,0.000655094832635349,0.0161200034205194,0,0.000131166587999853,0.00260841755557059,0.00282232891804013,0.00336684150592127,0.00190900728070379,0,0,9.84780670519759e-05,0.00178857899627045,0.000856487453583643
0.0210282871666346,0.255590905118833,0.00438492417264204,0.399018948771535,0.000165487119958148,0.0294712553996331,0.0281700428979305,0.00963882888087889,0,0.220071926092529,0.00634179683338975,0.948659333771749,0.0248392478993039,0.0122234385220992,0.651000692056457,0.00976324130901992,0.00744581828215372,0.000996780476675576,0.00239488304794232,0.696077820801457,0.00130052217690733,1.67025581940355,0.0016778346133971,4.95692837297012,0.0686814495400052,0.00294147454326144,0.188705746629713,0.384426395648858,0.0461445417698327,0.00716236397081449,0.00259810365754757,0.000694051441348174,0.0141268644992746,0.018314093347781,0.00160763281759529,0.0439138858039062,0.0170410011195273,0.0634470053711987,0.0267786154112805,0.753801819165875,0.0196641608808212,0.000501104577590568,0.0284452933563225,0.0034667341818052,0.0237190710860077,0.0104701891382462,0.0478512065764718,0.00566278094675071,0,0.0109798448067009,0.00752882634643045,0.00272208040276218,0.0141989328687637,0,0.0029158437943703,0.0138457778012824,0.00598556068461479,0.484943469811639,0.0297844046972624,0.00211076915107143,0.00588519180990379,0.00176575757673772,0.00545091935154326,0.00832059047073975,0.108789409270857,0.00235648595056808,0.000605375240671858,0.00159406210892075,0.0249328800271278,0.00259665892487183,0.112748472593752,0.00462735650192225,0.300638888705385,0.00142032375628099,0.0029610719745132,0.0147335010046889,0.0448635339102747,0.0262686393060948,0.0150984574320906,0.00111268403453269,0,0.00214850300919915,0.0115022966379782,0.000909074097500707
0.0150123121755298,3.98317399156458e-05,0.00772168981558035,0.451023197700768,0.000508533210164511,1.67828535057147,0.733024681751669,0.546621553184713,0.220071926092529,0,0.0230080889177389,1.1714394079856,0.000751956320403848,0.150740262207997,0.0050451025566039,0.00134249384939448,0.00348604107911408,0.0116154010985012,0.00440100093598877,2.21658791561545,0.00524556392875308,9.81637475445604e-05,0.00557308461842307,0.153670393732354,0.00013401978610259,0.00769119226378617,0.00341274337742463,0.977457333277994,0.123407126768062,0.0071825988604703,0.000464455177736018,0.00732208230354118,0.00372555086492285,0.102994846676594,0.00436941036063965,0.104077047099826,0.0167981532097751,0.231590665919792,0.0275180235655979,0.500634309873865,0.106219081453751,8.15275836055498e-05,0.00731332119394521,5.43232130802455e-05,0.00529817969215818,0.00155665160290544,0.0153307526968325,0.00118447883282157,0,0.00239858435372012,0,0.0001363079266174,0.00583721156182995,0,0.000702543883910649,0.00607692690911063,0.00190738259276814,0.024614775552576,0.0123779240635019,0.000185011759467917,0.00242059073451836,7.21128022972313e-05,0.00155921807934352,0.00164150214206503,0.00112495123487844,0,0.000204082747887368,0,0.00373457706223747,0.000106613443122497,0.000179493436098829,0.00015934336084599,0.0936899842719192,0.000284628900576481,9.22653805031702e-05,0.000839213188091168,0.0199543028051945,0.00875943397899391,0.00177063448272108,0,0,0.000218111111739284,0.00235073820383714,0.000604019736180468
0.00324504954261712,0.0294595962719784,0.00197089513700853,0.000262046484713576,0.000640519343157266,0.0302876823583657,0.0061185575906712,0.00886421890488825,0.00634179683338975,0.0230080889177389,0,0.0174989177044052,1.47820476220972,0.0148770764972492,0.000100711829931706,0.000378336434616975,0.0175621009900866,1.95563790929892,0.209209853936725,0.00286958135771453,0.00339136086037525,0.01986137604756,0.00306202924824436,0.00221586739794114,1.71289597520656,0.238434944224022,0.0363112437663816,0.00379198394390502,0.0369958351295429,0.00255890542522412,0.0731980754447802,0.0324752447229076,0.00039558625142219,1.64549627568767,0.00104181970618848,0.0997107946452183,0.903088462159748,0.874407016043911,0.0517353002819065,0.0280364095364892,0.0461641513809634,0.646494739960138,0.00235376933748165,0.00921697562062747,0.00349209613990546,0.000684562269876215,0.000560839446173942,0,0.00690159644109866,0.000117235729537105,0.00018260832098336,5.42270282593085e-05,0,0,6.44724632265464e-05,0.000180589638210986,6.54049605243907e-05,0.000262902493850982,0,0.241117940699095,0,0.116977419110097,4.80858700397074e-05,0,0,0,0.000750876304165858,0.000523236677854564,0,0,6.59610520196401e-05,7.00935213200607e-05,0.00223496011803101,0.0884520499767785,0.045874910818135,0.0332975615679326,0.000405290761532548,0.000294063542632955,0.000103190741619614,0.0888250371912517,0,0,0.000682294037191087,0.000576657594804462
0.00160700145335896,0.000698020852215801,0.000621778357647145,0.177853730774711,0.00136656394105952,0.765331655207313,0.00528367823151189,0.0780733303929159,0.948659333771749,1.1714394079856,0.0174989177044052,0,0.000556839898443136,0.0406945607679345,1.02870072202465,0.000159107239436108,0.0010615507280876,0.00817993239895017,0.00213989120537798,3.09644560835322,0.000259971886601506,0.00282345374684923,0.000354102594929711,0.154812501855801,0.000503973461656454,0.00362520134355106,0.00217791551345567,0.0508937061024646,0.0335810743727903,0.000747563888241341,0.00045205832904743,0.0146202384697727,0,0.0828272568624524,0.000705141016869472,0.0506731165157157,0.00473665355519089,0.0810685463763466,0.00529722524611932,0.87861660996793,0.0412348407736536,0,0.00332661829044765,7.37064592969813e-05,0.00407562941326948,0.000276549703638866,0.0101586242172946,0.000516993139028886,0,0.00115445935901965,0,0,0.00343375461389735,0,0.000658957087558406,0.00472701855493874,0.00100815953061596,0.00881409276441194,0.00624777362391943,0.000147933351103626,0.134275478559869,0,0.00141359006962118,0.000538669054149178,0.00101075770364239,6.66901419992877e-05,0,0,0.00416912803997658,0,0.000258657714081096,0.000293806686520898,0.0429463912584116,0,5.24277288355274e-05,0.000176230067864986,0.0116308526962793,0.00579658477196414,0.00390244813839997,0,0,0.000264306942330619,0.00173811204817113,0.000150123479391456
0.000596316720563077,0.196125451455538,0.00013643999674982,0,0,0.000720307132136925,0.000134141926272395,0.000235009114613717,0.0248392478993039,0.000751956320403848,1.47820476220972,0.000556839898443136,0,0.000144936245218188,0.000191036104944711,0.0023624133459961,0.000219625378346999,0.00253602956491971,0.000484836072634381,0.000286778071481621,0.00156542657253889,0.101108971803578,0.000973721046758149,0.0115338198635199,5.29092574356804,0.0514247811489617,0.215805971659636,0.00097655841000961,0.000686613921026626,0.00033497303077473,0.507351669675846,0.00126564125373768,0,0.0239072604114894,0.000151893956243405,0.880166571916999,0.194590787330474,0.218513397010236,0.0112906818823192,0.0110955789952914,0.507711762156031,3.67116792949471,0.105950105611773,0.0192638455780393,0.0126447761020345,0.00286741637212719,0.000783983097601911,0.00155013389347769,0.010481617410552,0,0.00262365215637137,0.000196801063625096,0,0,0,8.51634325308159e-05,0,0.000765360373392143,6.56692861378421e-05,0.103774502543038,7.68182467220796e-05,0.219935332558481,0,0,0.00087492009411364,0.000201180669796287,0.000295105611223126,0.000426861706722976,0,0.000173045009828352,0.000198765906952088,0,0.00191143334021976,0.0962873475641804,0.0536534826150067,0.0603205363805907,0.000239187737597372,0.000512700353140364,0.00024474705309801,0.0761939456608271,0.00012086956056929,0,0.0678108630302371,8.2833560965436e-05
2.05608387812517,0.000588546187341036,0.133570875423745,0.00134309026835641,0.000697816730174296,0.133502991971253,0.983871712077478,1.63826274760825,0.0122234385220992,0.150740262207997,0.0148770764972492,0.0406945607679345,0.000144936245218188,0,0.000329435278778463,0.00169378570789529,0.238894255044031,0.0052064146847779,0.0236909511672005,0.0082717159173939,0.0253084572183303,0.00056226884370018,0.0552481287568487,0.0249454761483475,0,0.0191626683046577,0.027730104845809,0.0787753173253544,0.97856173594864,0.385926467126292,0.000446818240584087,0.0920274962971558,0.00452985622916522,0.140531764290516,0.000792861083394115,0.0199164441482018,0.0444561659309083,0.0645394097329356,0.0145576798039872,0.0819033816497039,0.040383756468501,0.000405776363739452,0.00314409763214135,0.00108931948993509,0.00366115617345628,0.000664251977005955,0.00435625246869896,0.000581903954457227,0,0.00122908129664527,0,0.00045817844713944,0,0,0,0.00153675784332145,0.000326347730263085,0.00437309368401113,3.4981557935518e-05,0,0,0,0.000653186983316322,0.00107417397341605,0.00309572407350987,0.000172251154428834,0,0,0.000337540554776999,0.000277488199499174,0.000588984323017032,0.000489069408322011,0.0170185941095136,0,7.70066848438038e-05,0.00303108326798333,0.00337627935925329,0.00488584512443293,0.00224534023848688,0,0,0.000182172842305189,0.000963410994132782,0.000688063008473463
0.0013284332652903,0.00634005220923265,0.00253863226828643,0.00258535689049111,0.299668790760487,0.206500964205487,0.002239808438993,0.0367256591577226,0.651000692056457,0.0050451025566039,0.000100711829931706,1.02870072202465,0.000191036104944711,0.000329435278778463,0,0.00802578569903183,0.00235364055218882,0.0014630372404343,0.00256932878470132,0.0167107935638882,0.016527631635119,0.00935982583543922,0.0221131959810909,0.0346416829644329,0.00126573149083769,9.1449347275601e-05,0.00931236646972374,0.0112783155869339,0.00192289868135653,0.00284438865806478,0,0.0100236215146222,0.000738909535132642,0.00406224616599775,0.0762672977677072,0.05731993793897,0.0420055076123713,0.0192119203256306,0.0208651278570937,4.35137313001959,0.0150659409447148,0,0.0207565873006646,0.0220843118870435,0.0170322885377391,0.0263816926425657,0.0209251139582135,0,0,0,0.00038796953763922,0.00183529204092991,0,0,0,0.00118403628215227,0,0.00665393910230421,0,0.00080606532294826,0,0,0,0.0890694018375342,0.010939421853332,0.000686591561362415,0.00085467236976508,0,0,0.00643455598061604,0.00306947994979579,0.0121199282156246,0.00522340132844705,0,0.000823528228173096,0.0042415757027432,0.00227506392733533,0.0016671352070883,0.00156407309369344,0,0,0,0.00040403282456649,0.0760642140837399
0.00249456352953341,0.0149612855815787,0.0151912383857612,0.000133411898546792,0,0.000535673475056059,0.0112657303775748,0.00177316218484695,0.00976324130901992,0.00134249384939448,0.000378336434616975,0.000159107239436108,0.0023624133459961,0.00169378570789529,0.00802578569903183,0,0.0109263526884802,0.000428793961970925,0.00169604929294142,0,1.72148975949574,1.10238084711636,0.602642281404561,0.634897022333447,0.00093039088661769,0.0022557063588786,0.663101146018101,0.118737694411273,0.00286811110064632,0.0285532940248586,0,0,0.00239404917198252,0.0229679294476121,0.0185214235484445,0.639697754597286,0.853300035902075,0.196483476110661,0.298364047249017,0.155423414929338,0.0253469752562622,0.00374291319295119,0.10007199261687,0.0691604323118208,0.0300554279029491,0.0307283460406649,0.0273434287377031,0.00122079896004879,0.000207321190829765,0.00173867287834859,0.00579084137791875,0.00596753578773418,0,0,0,0.00538238074758907,0.00252769338531575,0.00795350151363805,3.25604232206745e-05,0.000208600318228227,0,7.48082638913055e-05,0.00149834393304145,0.0196510322730048,2.21252786584678,0.00312629972654327,0.000146041245151218,0.000258320297039813,0,0.0558088298953104,0.192440970534033,0.23012497979029,0.0726409347127847,0.00240849221740309,0.00108156041039663,0.0777686404662733,0.0124730456361499,0.00363723607089616,0.00871634754143021,0,0,0.000816688334676427,0.00633564590169552,0.0173248927003474
0.208160682191742,0.0320485190920134,1.93491236646235,0,0,0.006142125895991,0.0789001354612817,0.0997405918003695,0.00744581828215372,0.00348604107911408,0.0175621009900866,0.0010615507280876,0.000219625378346999,0.238894255044031,0.00235364055218882,0.0109263526884802,0,0.0100832467973212,1.56500271598109,0.000182552068723561,0.107658068354309,0.0121670105649872,1.33409730103163,0.0123539582480307,0.000356732944721782,0.206628205921875,0.638802155775575,0.0194711515808564,0.0674549328119917,0.409699428047544,0.000144693716797389,0.000837359939943921,0.00474388612850363,0.315958058739356,0.00445939591339672,0.150452119688032,0.914670304414827,0.83728827986493,0.149360249451722,0.021679996459036,0.0112859654976342,0,0.015817551826445,0.0116411868457117,0.00766718697721608,0.00898489707995498,0.00149642836418292,0.000164568405341049,0,9.08918965302208e-05,0.00804898813940803,0.00990485450397226,0,0,0,0.000412251257968028,6.46311819585271e-05,0.00336786631802355,0,0,0,0,0.000138225863257491,0.00171264397122594,0.00972984429143066,0.00952138585511694,0.000160148148658994,0.00529464653404357,0,0.000250000088545591,0.00433595341555728,0.00367206403266781,0.00453748739645934,0.00132402736082851,0.00778571189693587,0.0802243848936459,0.000501105918318599,0.000236849885264208,0.00107407893638483,0,0,0.000586817768868778,0.00127314264756272,0.00339886817499127
0.00174885475539377,0.00120620467721549,0.00221634006720946,0.0010007710305671,0.000151341080722175,0.0142575143446591,0.00309050699563994,0.00280223053899929,0.000996780476675576,0.0116154010985012,1.95563790929892,0.00817993239895017,0.00253602956491971,0.0052064146847779,0.0014630372404343,0.000428793961970925,0.0100832467973212,0,1.17367370056084,0.0023140977459213,0.00116688404598163,0.000789860344206098,0.00131005575800836,0.00140433475232738,0.00656789924940931,0.173360300715835,0.0352245594802951,0.00271932983388021,0.0146888786399593,0.00094150715047589,0.0099767040179162,0.00771342028788996,0.000476011919694504,0.316763884407978,0.00140248575942089,0.166052825397222,0.555436903499385,0.557266593184769,0.167608453113111,0.0181505790501632,0.0089599390490235,0.00432225654025584,0.00157558679032364,0.00442358532503062,0.00108251772350603,0.00178086537701405,0.000159093820308209,0,0,0,0.000550125130773911,7.34282713603374e-05,0,0,0,2.83562632524292e-05,0,0.000222837200526191,0,0.00119123007505223,0,0.00209452178803105,0,0.000149080366500753,8.2085018483698e-05,8.62657966059985e-05,0.00101825659828036,0.000528648356901295,0,0,0,5.27416437328013e-05,0.000747268385745158,0.00545579526311712,0.00523279101269325,0.0123749946065972,0,0.000240818618036744,0,0.00339556992657776,0,0,0.000296810062716812,0.000798267590098975
0.0256073514149713,0.00477258425257842,0.0647612687422098,0.000271625123240138,0,0.00273032880278704,0.00685972269738033,0.00920755367442951,0.00239488304794232,0.00440100093598877,0.209209853936725,0.00213989120537798,0.000484836072634381,0.0236909511672005,0.00256932878470132,0.00169604929294142,1.56500271598109,1.17367370056084,0,0.000841691907760974,0.0108733581734938,0.00159373417391922,0.0291213204158312,0.00146127959791371,0.000512424715914738,0.808458135835335,0.114484277182752,0.00320494649007383,0.0103515200803511,0.0232834840676152,0.00253957116583132,0.00197239281635062,0.001113505356918,0.329557240834561,0.00259278589600412,0.15589721389828,0.692096104595041,0.909621891496916,0.196157127307664,0.0126730723004332,0.0102791640611874,0,0.00415613258406599,0.00389163117712034,0.00314273780526532,0.00268183065798554,0.000216154762629246,0.000177762834779084,0.000114499966345651,0,0.00320418877505056,0.00214571177548346,0,0,0,0,0,0.00109392121295232,0,0.000226554142598908,0,0.00122196156271363,0,0.00120757721203643,0.000750693068843272,0.00340340465039002,0,0.00319130012684125,0,0,0.000829203588746637,0,0.00125302606055088,0.000286958765151553,0.00402597561695145,0.022923769607521,0.000317783920215592,0.000407649072110499,0.000495004130588381,0.000923148286070215,0,0,0.000179663116067954,0.00174476345097315
0.00109863684327568,0,0,10.748867940534,0,0.150329645409846,0.00230573343839409,0.010604848212867,0.696077820801457,2.21658791561545,0.00286958135771453,3.09644560835322,0.000286778071481621,0.0082717159173939,0.0167107935638882,0,0.000182552068723561,0.0023140977459213,0.000841691907760974,0,0.000193789386817564,0,0,0.488683797200299,0,0.000761526764253909,0.000398179881540856,0.741580664423217,0.00566575606707159,0.000142148523764886,0.00167945648382025,0.00225246343295584,0,0.0169527985054865,0.000296236071150042,0.0336183074905594,0.00174137152525594,0.032418225247737,0.00479254307715607,0.261432133101023,0.0304629358079315,0.000293490066853377,0.00314333755020244,0.00021037624112712,0.00521244519946032,0.00146836837073544,0.0191955119897971,0.00123608757537249,0,0.000996324722109806,0,0,0.0188711917686901,0,0.0015984225313489,0.00196717042299769,0.000870242335539667,0.0309884642916631,0.0132333261975387,0.000435053535914546,0.00264196065425807,0,0.000783107501299672,0.000907895495038929,0,0,0,0,0.0103643905810468,0,0,0,0.0716811241153128,0,0,5.93536336569705e-05,0.0159435318435046,0.00453993743070698,0.00126635850622898,0,0,0,0.00180760633037548,5.84611477255151e-05
0.0105208621436674,0.000333862571681478,0.313771638281299,0,0.000384990566986015,0.0069710803868609,0.361942746068385,0.0448373386287542,0.00130052217690733,0.00524556392875308,0.00339136086037525,0.000259971886601506,0.00156542657253889,0.0253084572183303,0.016527631635119,1.72148975949574,0.107658068354309,0.00116688404598163,0.0108733581734938,0.000193789386817564,0,0.0178368900413856,3.526624507066,0.130611792314306,0,0.0160584822777473,0.0510932981630108,1.12200231448245,0.0094560308399337,2.72517377042099,0,0.000221771488660255,0.00438410024894331,0.605704407897229,0.0327282285515201,0.626981941454169,0.324335894811765,1.00781921078945,0.528848271445816,0.220716085641157,0.0414657752761177,0.0023552683370368,0.0229270248500785,0.00874840244222875,0.00697904017354719,0.0104456030691308,0.00714202888572443,0.000948178979188422,0,0.000331058680735422,0.000146516577241476,0.000711260887432572,0,0,4.57336826710391e-05,0.00193911735525857,0.00207343483549045,0.00161281521354202,0,7.77628146314147e-05,0,0,0.000669699662327073,0.00785752511804392,0.118461873511011,0.000531316593604071,0,0.000253694468759023,0,0.0117550946430044,0.00706307646111604,0.0116030051807378,0.0242683173273039,3.09994072802862e-05,0.000279974207992153,0.00870612524770427,0.00731730383339945,0.00435631045749551,0.00529406257433919,0,0,0.000455582264572475,0.00287116923009854,0.0278861968640058
0.0013221047873755,1.29691367031263,0.0375561224920448,0,0,0.00014647142514472,0.00250231036547288,0.000710718583406813,1.67025581940355,9.81637475445604e-05,0.01986137604756,0.00282345374684923,0.101108971803578,0.00056226884370018,0.00935982583543922,1.10238084711636,0.0121670105649872,0.000789860344206098,0.00159373417391922,0,0.0178368900413856,0,0.0279709595783985,1.2159819110199,0.321809591943554,0.00359422728037736,0.452065526508627,0.017475459546334,0.000926455290162098,0.00355543788935298,0.0120027837767846,0,0.00126441688022409,0.00608595667739193,0.000512058493400845,0.0465527964057432,0.115891460808663,0.0444997752138602,0.0255967814661514,0.00776100967117681,0.00420379743007445,0.000455677192543219,0.0566451991532345,0.0235151708394801,0.0200542631238854,0.0128173490507027,0.0145524731017392,0.00117622364298871,0,0.00230003319158866,0.0127480814203576,0.00813563046933049,0,0,0,0.00364068442998697,0.00141282628536166,0.0405092325613474,0.000205634187266435,0.00400732154563587,0.000156585965712223,0.00207375784410893,0.00106710643953789,0.002153665886983,0.336289009853261,0.00495267781093317,0.000552737257281756,0.00137308421657875,0,0.00809767955216882,0.129587166346785,0.0211156651735626,0.0569116492868334,0.0139628344406267,0.00451384603144051,0.125529503115228,0.00848419776098775,0.00731141195318572,0.00447216433046269,0.00358478356962773,0,0.00219570502656454,0.00486902137748168,0.00106498882549163
0.0200297118676282,0.00115979682795065,2.41170417074522,0,0,0.005939220392249,0.293523945031407,0.0633051148188226,0.0016778346133971,0.00557308461842307,0.00306202924824436,0.000354102594929711,0.000973721046758149,0.0552481287568487,0.0221131959810909,0.602642281404561,1.33409730103163,0.00131005575800836,0.0291213204158312,0,3.526624507066,0.0279709595783985,0,0.0654363614314673,0,0.0442179626090685,0.931457135726252,0.29788941664655,0.0167976038006647,0.624534803471819,0,0.00109316571632942,0.00134046775484814,0.257740195568086,0.0589540271130503,1.01578125243576,2.22187419552346,1.26748287069784,0.890092019130634,0.354847764007076,0.0530906711101091,0.00116783334670523,0.047405705545291,0.0252549794830796,0.0163851656555698,0.0121779048810408,0.00661725051016842,0.000769595885991923,7.04346495310135e-05,0.000507434858174951,0.000583431794963262,0.00886374676365431,0,0,0,0.00422073977329339,0.00113159388433202,0.00111246224152945,8.21393944687616e-05,0,0,2.99553475238286e-05,0.000747841214535477,0.013694924947961,0.20580982090474,0.00253353837596329,0,0.000763054824148186,0,0.00621283310629348,0.00951591591932843,0.0642869346553695,0.0118976819911254,0.000116756479461741,0.000855746519868702,0.0779819336652406,0.00336002729345253,0.00128706040619777,0.0036095175147868,0,0,0.00063879832821607,0.00151951066565133,0.0538580203823668
0.0326199127873628,0.106937495860913,0.00986135793401289,0.714732512142126,0,0.0219610146079508,0.136823751693649,0.0153398949990868,4.95692837297012,0.153670393732354,0.00221586739794114,0.154812501855801,0.0115338198635199,0.0249454761483475,0.0346416829644329,0.634897022333447,0.0123539582480307,0.00140433475232738,0.00146127959791371,0.488683797200299,0.130611792314306,1.2159819110199,0.0654363614314673,0,0.0186544677496005,0.00220963998510987,0.198211978082005,1.58831237505683,0.0903809098537644,0.0539640037350773,0.000685084170626883,0.000301347607059222,0.0262862278184681,0.0468925841084622,0.00950410369376394,0.22193710460364,0.0760070149029047,0.14577611600701,0.0598243872369769,0.198281366823715,0.028814709005616,0.000644373942365172,0.124619662184429,0.00979248540864792,0.113939058792684,0.0328423788501057,0.167547835512053,0.0206524843153568,0.000329956361457892,0.0409348586104453,0.000972227317840937,0.00290376788579827,0.00824706215165782,0,0.00378236536299362,0.0705695513607624,0.0235552543855684,0.286400167654422,0.0235819861120058,0.00266938897892899,0.0034514120535667,0.000398220141074413,0.0274618619947348,0.017754513133455,0.245762023824999,0.00192894627149499,0.00374457995164553,0.00306492815597537,0.00770587401315937,0.0210467224212734,0.0705242262312892,0.0186876190287423,0.899472829665663,0.00173156858317879,0.00193785688282907,0.0276526244171854,0.135007114863772,0.146982903531105,0.0925518069056749,0.000348969517573891,0.000121567707405588,0.00953401729602482,0.0549545919210286,0.00689519708875212
8.09883094477631e-05,1.49674770641822,0,0,0,0.000129289949615473,0.000149664255682403,4.54105994580395e-05,0.0686814495400052,0.00013401978610259,1.71289597520656,0.000503973461656454,5.29092574356804,0,0.00126573149083769,0.00093039088661769,0.000356732944721782,0.00656789924940931,0.000512424715914738,0,0,0.321809591943554,0,0.0186544677496005,0,0.0758207379679599,0.396638428095136,0.00038716154890984,0.000392389464472595,0,0.207187665397553,0,0,0.00782212286564286,7.48778333746349e-05,0.0514659421293645,0.18257613904464,0.0124813335113138,0.00175765008036496,0.000664225479863052,0,0.228224464902953,0.0397163424417176,0.0517037230016838,0.00922496938957542,0.00444836242626324,0.000463441484628315,0.000860047686139821,0.060676692547234,0.000458209507689454,0.0306381904613418,0.000176864340803769,0,0,0.000292397820145309,0.000168296212114435,4.80583909038971e-05,0.000507398157158249,5.19600588029306e-05,0.0909395366254356,0,0.171608649044335,0.000314148813379393,0,0.00186149648570781,0,0.0021999494317044,0.000635061922708763,0,0,0.00290315621368193,0.000434136960750441,0.000666416196647187,0.262363684962878,0.0462519488074221,0.0771134450378674,0.000490818864393693,0.00058926429925948,0,0.0768734611014928,0.000409240524628277,0,0.0751537987083147,3.81503470108473e-05
0.00523840386593822,0.0135164414595866,1.07403419627373,0.000226838160839029,4.73482846828489e-05,0.008779033147984,0.0193994223142426,0.0161142360276394,0.00294147454326144,0.00769119226378617,0.238434944224022,0.00362520134355106,0.0514247811489617,0.0191626683046577,9.1449347275601e-05,0.0022557063588786,0.206628205921875,0.173360300715835,0.808458135835335,0.000761526764253909,0.0160584822777473,0.00359422728037736,0.0442179626090685,0.00220963998510987,0.0758207379679599,0,1.08580073439614,0.00394439132187756,0.0116996661712322,0.0204456151978219,0.12385108771662,0.00380618455819305,0.000323155276650492,0.101286272838492,0.00287399782595624,0.184841454976022,0.925639217272695,0.273688737237227,0.0704103667467307,0.011085208927669,0.00416433275385451,0.0200520548062596,0.0243682389124611,0.0547072849174485,0.0269605275452676,0.011568849228873,0.00169562378583974,0.000362098302930751,0.00214483879393578,0,0.00800652413581786,0.00876498595600838,0,0,0,0.000395769933126078,2.78981317844741e-05,0.00272520095110358,4.98942204960214e-05,0.043558020581024,4.41691838605658e-05,0.0280609937210982,6.25623243674092e-05,0.00136799185548498,0.00105195744597689,0.0109200889301396,0.0038293461869147,0.0189583392925839,0,0.00019128695174349,0.00254225405237451,0.00121082620170732,0.00167567255127465,0.032299864030622,0.151277600782647,0.322321597973088,6.33441944823654e-05,0.000608687692213945,0.000316206010995759,0.0354672655617274,0,0,0.0025608328011184,0.00305485349413826
0.0114293445931938,0.715113960339317,1.43125141188564,8.32438574099191e-05,0,0.00310635677262574,0.0442963716756836,0.0195881928651978,0.188705746629713,0.00341274337742463,0.0363112437663816,0.00217791551345567,0.215805971659636,0.027730104845809,0.00931236646972374,0.663101146018101,0.638802155775575,0.0352245594802951,0.114484277182752,0.000398179881540856,0.0510932981630108,0.452065526508627,0.931457135726252,0.198211978082005,0.396638428095136,1.08580073439614,0,0.0555720781191127,0.011155817179459,0.0424252355297539,0.249022509965924,0.00087494586585178,0.00158186443664601,0.209084451400691,0.0444279709202523,0.563987836338803,0.689388541390459,1.03922937283005,0.328986265789847,0.0770841944595243,0.0253453507597295,0.00756420718603923,0.167901585494711,0.148334587528964,0.0896420085930585,0.0602062924151554,0.0182357247213831,0.0026524315455229,0.00217805027885895,0.000799090438964581,0.108572254901613,0.0883955823340898,0,0,4.25723123726814e-05,0.0153980181194678,0.00308325298319888,0.0150431213570391,0.000422058719342404,0.0302169492055176,5.68925893907104e-05,0.0582039285049593,0.00214911052920215,0.00950962990414547,0.203769087067476,0.0429489832727881,0.0045072162236306,0.0360660654095756,9.63233094480407e-05,0.00592383067850903,0.0474402194115568,0.119620716894071,0.0266764158816298,0.111381647181055,0.214839780225466,1.6418805501089,0.00794212548404191,0.00269595719010426,0.00891099663076203,0.0276187729928009,2.61041233851067e-05,0.000170950046736246,0.0102128254325538,0.0455015325576897
0.07409908825958,0.000879607255723169,0.0581468258630243,0.81562085653166,0.000112523571733364,0.111562980776057,3.12072904033914,0.0529012873188564,0.384426395648858,0.977457333277994,0.00379198394390502,0.0508937061024646,0.00097655841000961,0.0787753173253544,0.0112783155869339,0.118737694411273,0.0194711515808564,0.00271932983388021,0.00320494649007383,0.741580664423217,1.12200231448245,0.017475459546334,0.29788941664655,1.58831237505683,0.00038716154890984,0.00394439132187756,0.0555720781191127,0,0.224050659873249,1.05711955636005,7.45958938713912e-05,0.00061664422674243,0.0592299466604961,0.151727978707413,0.0132914363732319,0.260017942079756,0.0682991463933886,0.3351051317175,0.107905029704302,0.247431937348774,0.0516646277934307,0.000530042875774316,0.032997646842846,0.00361824977932841,0.033403935543967,0.00547136383336468,0.0517362519998551,0.00510924169417413,0.000441664727615466,0.0132212360751665,0.000258440030833388,0.000560826773165685,0.00319520114613738,0,0.00195524321991564,0.0270794957622291,0.00838805463006383,0.058024951132186,0.0126317536154813,0.001119179431412,0.00322672861519496,1.91931283841703e-05,0.00851970781991386,0.00590783927727005,0.0433751238880266,0.000260488441985406,0.00064261413072514,0.00032252149596819,0.00289229752940542,0.00424220110867203,0.00992073373652491,0.00462889556388717,0.294715920198104,0.000191440090277683,0.000507785068931907,0.00532339064157615,0.057806681579589,0.048125262285366,0.0284527423844203,0,0,0.00202644925588411,0.0162836932778176,0.00693897597054532
1.69649073083396,0,0.020813816829952,0.00352431268498582,0.000134026885452238,0.100921322362407,0.159695765217881,0.140833153174772,0.0461445417698327,0.123407126768062,0.0369958351295429,0.0335810743727903,0.000686613921026626,0.97856173594864,0.00192289868135653,0.00286811110064632,0.0674549328119917,0.0146888786399593,0.0103515200803511,0.00566575606707159,0.0094560308399337,0.000926455290162098,0.0167976038006647,0.0903809098537644,0.000392389464472595,0.0116996661712322,0.011155817179459,0.224050659873249,0,0.986868318443076,0.000871013267962066,0.0696780691409185,0.810770172082542,0.809505402194162,0.00156072941002016,0.0410068601424314,0.0158816386062954,0.227945424422089,0.0258785528607109,0.0892832917874582,0.036964319230281,0.000194683539841888,0.0129011182733346,0.000976552790432513,0.01191084248644,0.00275408646715326,0.0143889822648267,0.001977776823982,0,0.00466650825811246,0,0.000398495698940638,0,0,4.82216359891164e-05,0.00895006744740141,0.00200733875586325,0.0131091747961973,0.000291787693437465,0.000568861614786635,0.000129296409866093,2.30302122390062e-05,0.00252815589278105,0.00183514757542577,0.00653526784432326,0,0,6.90470182363599e-05,0,0.000653871728891757,0.00344871885224667,0.000772093301294265,0.0804460131759964,0.000159300589638384,2.57671775435021e-05,0.00161168630145235,0.0150209024570253,0.018127116949299,0.0112367469973161,0.000201094942666167,0,0.000390541994532615,0.00506778338567081,0.001725028079012
