0,0.00138739737467834,0.00538188111700069,0.00139088759115611,0,0.00417387945798897,0.426340368344678,0.164286979633768,0.0015096234523587,0.0120880273599964,0.00467438296625669,0.000688310770360432,0,1.77583522354852,0.000164867203061612,0.0173381521434478,0.208072958786169,0.00149725457441788,0.0830235246709795,0.00362932717896413,0.0384768011842661,0.00265942637999155,0.0589085074135733,0.0500783211808864,0,0.0135070826018713,0.00997757292217537,0.0541895324390753,1.181408685911,0.604802818143772,0,0,0.00689304562634495,0.102842936543218,0.000335274549469989,0.0106197558830336,0.0145526418983957,0.117613137383484,0.0474126407069407,0.00825810080326139,0.00130569209515256,0,0.0100135659070657,0.000524916642339763,0.00265913496535086,0.0020924456883954,0.00295255872278408,0.000854766339331268,0,0.000693235712392808,0.000184406053248554,0,0.000115171704054563,0,0,0.000544125069882561,0.000760657805219262,0.00263521911834114,5.02852148845075e-05,0,0.000439611519436318,0,0.000748486592344469,0.000243561216049688,0.000312520803564503,0,0,0.000227717447735903,0,0.000325834642726251,0.000395363092451757,0.000176209863869467,0.0235846579358839,0.000339783846476656,0,0.000525141626216371,0.00831050931998508,0.00225230296086828,0.000778891004201351,0,0,0.000517777190495996,0.00205743401063688,0.000343291588532857
0.00138739737467834,0,0,0.00176042325485427,0,0,0,9.631945429162e-05,0.311633019640054,0.000247626783992576,0.00483123781637648,0.000173743473669708,0.192877620011007,8.77073631252029e-05,0.00491654648601292,0.0156775347374267,0.00650743628602075,0,0.00278056159625751,0,9.0202910859585e-05,1.82733522429463,0.000425696963021784,0.0529474265187761,1.87899880001119,0.00363186808357352,0.72045121276331,0.000153417648842075,0.000300696181106917,0.000463111747748126,0.000364250011878064,0,0,0.000543384484185503,0.000220245130312642,0.00801280349427557,0.036925433714104,0.0128083181140523,0.00797991972886822,0.0160901597408971,0,0.00753783206971018,0.0188934979119175,0.0540097270425467,0.0354680920103447,0.0198736435988028,0.0010494652610743,0,0,0,0.216809893891597,0.000987021301372727,0,0,0,0,5.1798792398158e-05,0.00263495163263427,0,0.00119402090052464,0,0.00148797322359803,3.86121495071124e-05,0.000138547961215788,0.00396888782753297,0.00596785222879205,0,0.00353795942257938,0,0.00012559247067228,0.018975767065842,0.000300749392196128,0.00252177173598244,0.00949444579109281,0.0057053518149928,0.164040259305091,0.000397579567789219,0.000108730479404988,4.49214338512955e-05,0,0,0,0.00320554564690215,0.000323053424719245
0.00538188111700069,0,0,0.000429469955030284,0,0,0.0517414456817943,0.00413212323853799,0.000119453281311323,0.00145763065520875,0.00128074937091761,0.000246542049934871,0,0.00711504660552974,0.00106248064260985,0.00229523252990998,0.680672717575724,0.000330492251388844,0.0924242845620123,0,0.0412119119101758,0.000558171213890478,1.39675434160175,0.00817653858862616,0,2.00804629430987,1.05266105718519,0.050959784172526,0.00263649632077756,0.0200351006812154,0,0,0.00104561847982705,0.0276475427994511,0.00232076456702562,0.102025538583944,0.39178530120833,0.13389686741612,0.0704483383581949,0.00936825561320523,0.00215573757777726,0,0.00470032268154243,0.0223445951048888,0.00521612758834449,0.00108313657924372,0.000171717027071659,0,0,0,0.00126770733227856,0.0023097246937059,0,0,0,0,0,0.00159667822823213,0,0,0,0,0,0,0.00225298174613277,0.00218714641860511,0,0.000592830904184123,0,0.000369410676167676,0.00881966124374185,0.000469651224439653,0.00117571875917524,0,0.000643085602613266,0.0314790225374001,3.74142137425629e-05,2.3349552014539e-05,0,0,0,0,0.000562611188839105,0.00227761000336377
0.00139088759115611,0.00176042325485427,0.000429469955030284,0,0.00025928835535635,0.0538427411373977,0.0333797549840391,0.0263440598161698,1.07320074426707,0.968675230928572,0.00248256199505167,0.357148013873345,0.000918795759688989,0.0148718847944557,0.0361649509157855,0.000173823547618014,0.000197069423493863,0.000663813160539926,9.45037333724506e-05,12.0910745606198,0,0.00365456200551877,0.00144581038518493,1.06904829687177,0.0019002616242285,0.000191335450900434,0.000830231328132946,1.29133177566155,0.0235153720183102,0.000369892302666187,0.00015919342452797,0,0.000117288413759953,0.00804870374740821,0.0015868489085612,0.0813792397957382,0.00334027165420169,0.0418789761094169,0.0175089250444492,0.11231400888625,0.0175249915781619,0.000347155028064934,0.0102502512663887,0.00013094471431822,0.00517073922987605,0.000745603229136392,0.0219244306418022,0.00145533887225238,0,0.000377880467575586,0,0,0.096674328199104,0,0.0124237013171183,0.00566906731346603,0.00909838063482933,0.0749958809900373,0.027001814634018,0.000353059370583699,0.0344833657015225,0,0.00216798931489342,0.00223505291964637,0,0,0,0,0.0779055392604682,0.000415864605909921,0.000229156878353738,0.000416628142263927,0.091455447613326,7.4340615300832e-05,0,0.00019931106102178,0.0326240907226678,0.00208257709193036,0.000221716014438336,0,0,0.000584601223851025,0.00136738553135399,0.00100560296984616
0,0,0,0.00025928835535635,0,0.587885685301605,0,0.0820526829450357,0.000696836516061231,0.000548375588694789,0.00123642918985761,0.000828269076143768,0,0.080306325287686,0.819119931486878,0,0,0.000795846298131703,0,0.000486074292537289,0,0,0,0.000120667621977338,0,0,3.16518406567158e-05,0,0.00725260987924081,0,0,1.7546824818237,0,0.0329148275221032,0,0.000496217402511545,0,0.00928196372469772,0,3.94330894219961,2.83153864052328,0,0,0,0,0,0,0,0,0,0,0,0,0,0,0,0,0,0,0,0,0,0,0,0,0,0,0,0,0,0,0,0,0,0,0,0,0,0,0,0,0,0,0
0.00417387945798897,0,0,0.0538427411373977,0.587885685301605,0,0.06739467734684,1.42035714421359,0.0549021977652432,1.20417986545785,0.0483823910449637,0.709080388308225,0.00107090130386403,0.499655420481288,0.712158805298287,0.000279133413916811,0.00060546403625159,0.0106024907770516,0.00402010976640356,0.254282398300673,0.000553655361239293,7.41246135241682e-05,0.000795692978368241,0.105821067930784,0.000291465603958004,0.00370847045874631,0.00157164678913403,0.030145073875398,0.212479348268045,0.00109654670398363,8.15972768408941e-05,0.234524666641596,0.000327941805599427,0.0869030902095925,0.00178270449475889,0.0559820507164439,0.00286403258297867,0.115307395836167,0.00924205421318057,1.90960961879081,0.192383291414467,0.00161996597811303,0.00347204372577806,0.000276901706641652,0.000700740814040828,0.000604915185871968,0.0084155619390766,0.000906525347174822,0,0,0,0,0.00995981379565234,0,0.00466822524382832,0.00170669667379469,0.00278093522249686,0.01155022809971,0.00772654330952474,0.000357957015134206,0.0100890641908022,0,0.00206128451849397,0,0,0,0,0,0.00877689254581185,0,0,0.000159340525639396,0.0261835051254129,0,5.61401300093727e-05,0.000144276243469359,0.0104308667502665,0.00128915142321909,0.0001508832154243,0,0,0,0.000717496547921019,0.000583563469718371
0.426340368344678,0,0.0517414456817943,0.0333797549840391,0,0.06739467734684,0,0.443598090800777,0.0248013665428082,1.28843137952068,0.00677262560006938,0.010844559369274,0.000252724227621341,0.748944860065489,0.00954444271240835,0.0207811550681353,0.155946287170798,0.00191359672018319,0.0464463087206426,0.013902509896741,0.214343452901575,0.00116172742966866,0.209665818792858,0.244960745218851,5.76261332715304e-05,0.0854382696250339,0.0251722101206094,2.33969413160128,0.205735972177615,0.90831357959798,0,0.000132708773439426,0.017350056125382,0.0692448548669864,0.0100747104756769,0.0986746694179488,0.0328693230342362,0.218982833911981,0.091082572480247,0.0905734630241276,0.0320521502951116,0.000414922328862367,0.0114028218163667,0.00174091354915789,0.00386372925840841,0.00352016860619884,0.00705434684681133,0.000698957379862275,0,0.000158741955834881,4.76879395989378e-05,0.000333593147940343,0.00340278784308567,0,0.000736773808345285,0.00124140321477835,0.00228453998433,0.00782669078207379,0.00203356330005712,5.35438400343338e-05,0.00358732185782925,0.000183866158472257,0.000844170172993587,0.00119149082853109,0.00383937554659487,2.91385698041637e-05,0,0,0.00241584281149784,0.00101585621440957,0.00243140694465513,0.000520918874813901,0.0446883695811076,0,0.000163389283282812,0.00349102426519813,0.0139857952927478,0.00276220504239316,0.000775940004484703,0,0,0.000198457399923222,0.000866363776375154,0.00720674964540661
0.164286979633768,9.631945429162e-05,0.00413212323853799,0.0263440598161698,0.0820526829450357,1.42035714421359,0.443598090800777,0,0.0195067962843582,0.485011505075425,0.0350729958658565,0.133738967389565,0.000230365221013237,1.77463526409772,0.00913588020694956,0.003804259471997,0.044732892446575,0.00780041810724318,0.0215394230068473,0.0592474952184112,0.0209642692135662,0.00197068094631818,0.0330105797392038,0.186607249583515,0.000128172433036474,0.016158756898904,0.00697152871264804,0.148231897823227,0.353220114510969,0.0793970338226719,0.000523071106905732,0.105635096521037,0.00240185603355618,0.0764265196843105,0.00241623617677567,0.0462560032675844,0.00566523318788567,0.124269875797347,0.0285435225564809,0.277702139353447,0.0373783528839443,0.00157034618659454,0.0188343441822706,0.000979368737389479,0.00866893606274994,0.00206925027846434,0.0172001748874071,0.00195954974674436,0,0.000630785561884423,0.000580723819483505,6.09309912529173e-05,0.00797624582258464,0,0.00297149105680802,0.00392171211585837,0.00577675947546694,0.0104506633577852,0.00452393139143051,0.000423317133170533,0.0103863103008767,0.000248580317451166,0.00304656361760869,0.000814554286732189,0.000505457330684243,0,0.000146254629824554,0.000271137845977491,0.00525604770795801,0.000488922467957802,0.000835997711097495,0.000478436188844047,0.0928147141096452,0.000465485077007002,2.43460011381258e-05,0.00104418053144994,0.0259373240181363,0.00763943005711177,0.00109067177136476,0,0,0.00130380325118658,0.00305303694172692,0.00170052693994124
0.0015096234523587,0.311633019640054,0.000119453281311323,1.07320074426707,0.000696836516061231,0.0549021977652432,0.0248013665428082,0.0195067962843582,0,0.242544173661484,0.00216339219399158,0.361043118344291,0.0182259106988557,0.00869616897191606,1.28223978391511,0.00314449061182929,0.000973799768412978,0.000560157491202397,0.00115611786409198,0.620890166730161,0.000171592485327429,2.47268511169315,0.00101256572346939,2.46606391944899,0.0978028284137048,0.00072558554589867,0.115277592190043,0.169866417233435,0.00936709115307008,0.00055073231156469,0.000205936332704118,0,0,0.00449663786150414,0.00144130991117038,0.0826556904336781,0.00786323806525275,0.0242787146991803,0.014407607161249,1.28111931787317,0.00427676853388835,0.000506650324965652,0.0431483483966696,0.00739152027444501,0.0263921445327175,0.0122190653132082,0.107846403699496,0.00681133316390821,0,0.00431181492531433,0.0108732506404087,0.00106988168278887,0.160652929623307,0,0.0268432308689508,0.0189369886463031,0.0236936072847612,0.814718047513035,0.0561054672099224,0.0016334052373328,0.0520797826276217,0.00460516827424116,0.0122439173403525,0.0126082925024233,0.0133442024455548,0.00122284780778896,0,0.000562767933260114,0.100675278494527,0.0023556061872317,0.0611810177544776,0.00159227840119404,0.641104436874834,0.0117095488985451,0.000781242988242153,0.010380767456175,0.117240047264116,0.0229281963575589,0.00488412229365542,0,0,0.00959850732780014,0.00924863852791867,0.00084067079843555
0.0120880273599964,0.000247626783992576,0.00145763065520875,0.968675230928572,0.000548375588694789,1.20417986545785,1.28843137952068,0.485011505075425,0.242544173661484,0,0.0156270569249522,1.01367215306497,0.000230373820437259,0.173830587992209,0.0100219055588807,0.00174909544538716,0.00380602683273072,0.00470619319083731,0.0039070912081483,2.02554684576898,0.00357654940810519,0.000948377538807307,0.00849789846961545,0.242396155710089,8.67015835235695e-05,0.00534656337633085,0.00259931110493083,0.979151966651126,0.123576776766884,0.00503012344326356,4.82623730069525e-05,0.000517133811133596,0.00187940519705401,0.043899937190784,0.00672799845566944,0.146603083148584,0.008079989615767,0.15408263126082,0.0399332536944693,0.182463419936989,0.0410335126866291,0.000951730303462487,0.013012280222156,0.00065749921243132,0.00532427768769748,0.00125687352457569,0.0260590791155148,0.00129609772148492,0,0.000266302900036688,0,0.000219351946751294,0.0435761416906056,0,0.01633107355659,0.00577657728863007,0.0113109847965036,0.042321325380367,0.0378954873820761,0.000298953627994884,0.0399440474922432,0,0.00281021178412771,0.00116687704770709,9.0569108535798e-05,0.000132953362724944,0,0,0.0283115572120487,5.67831855176047e-05,0.000288042237845915,0.000219147334324851,0.0851916192507832,0.000102714680866303,0.000136307924116294,0.000704756926326705,0.0411138834091425,0.00535452615142518,0.000271967482306895,0,0,0,0.00196737647537632,0.00229993055174054
0.00467438296625669,0.00483123781637648,0.00128074937091761,0.00248256199505167,0.00123642918985761,0.0483823910449637,0.00677262560006938,0.0350729958658565,0.00216339219399158,0.0156270569249522,0,0.0295136915146105,1.39034779498227,0.0446236684866721,0.00299061040060339,0.000347529932406675,0.024930014759253,2.26668674223884,0.467984681402091,0.0095941571990474,0.00811662668600716,0.00106436694399146,0.0143215764009687,0.00864260372195945,0.594361294090699,0.668043650794589,0.0537526826831868,0.00720417479261904,0.0944549052648697,0.00221508346304705,0.146671033685753,0.0104451232791955,0.000413753690565758,1.45641490724477,0.00250177249388574,0.0925613142049728,0.864882774096056,1.41394859447327,0.122283028018414,0.109020747892706,0.0272333127453767,0.753529892633933,0.00147550190635217,0.0879188695639787,0.00247952987347453,0.00123254074874615,0.00183218863323404,0.000628882703243086,0.0053944743284011,0,0.00139744206665125,0.000153007939755314,0.000131307672277614,0,0.000111769062272091,0.000235147635638599,0.000306281977882436,0,0.000114310402156859,0.119027599668158,0.000388246469731049,0.181441186346752,0.000238466069881798,0.000209137866720146,0.000198712402226721,0.000217300151339098,0.000497151209973016,0,5.00482211724727e-05,0,0,0.000167792292950622,0.00587009745317672,0.0574872713499732,0.0156458028196424,0.0271494537311845,0.002322710366629,0.000480850356753085,9.8173882705355e-05,0.00199650179600041,0,0,0.000537072051802506,0.00102483587005429
0.000688310770360432,0.000173743473669708,0.000246542049934871,0.357148013873345,0.000828269076143768,0.709080388308225,0.010844559369274,0.133738967389565,0.361043118344291,1.01367215306497,0.0295136915146105,0,6.10290576843336e-05,0.0749783289729778,1.25470983735686,9.81710990531626e-05,0.000107917757784667,0.0119689242361611,0.00273308551992125,3.20593383854041,0.000332352526126421,0.000288518256739445,0.00130594115065493,0.210006860027726,0,0.00344859394924444,0.00177310966070012,0.0235513384364838,0.0772022535042471,0.000296133689090322,0,0.000675108467750457,0,0.0332530000581877,0.00939621922600168,0.254844346982202,0.00330894085875845,0.123552474983636,0.0123481998299361,0.915204743447761,0.0374921765425194,0.00112963822609516,0.00474178665649721,0.00101304623671393,0.00129975539470189,0.000114315342435468,0.00887635711894758,0.00124334578704714,0,0,0.000114488383547028,0,0.00496789758320658,0,0.0030884119719774,0.00127980224887015,0.00199174636136264,0.00583347466908304,0.00523907652201129,0.000236370672604179,0.0542623831210953,0,0.000412440568202713,0.000605958054081463,0,0.000148558610480261,0,0,0.00827003182657126,0,0.000207236163647297,0,0.0275079047446617,7.59903794225331e-05,0,0.000269414627449838,0.00691283003072349,0.00152378857789538,8.76314075579044e-05,0,0,6.24185712061356e-05,9.45031958015825e-05,0.00129975696114523
0,0.192877620011007,0,0.000918795759688989,0,0.00107090130386403,0.000252724227621341,0.000230365221013237,0.0182259106988557,0.000230373820437259,1.39034779498227,6.10290576843336e-05,0,0.00015919046889467,0.000734906934235012,0.00435288804025155,0,0.000186142984496776,0,0.000277933785428297,0.000363102570607926,0.0589065320332949,0,0.0012526334066191,4.24381497643932,0.0233319971811558,0.3041211166659,3.08602985798325e-05,0.000927978508703593,0,0.837685020357394,0,0,0.850453488686428,0.000139372883076508,0.00629868978693611,0.257190004739548,0.0760050511276811,0.00325266181873587,0.00349965792101827,0.00375683606292375,0.613457046469588,0.00166581192899489,0.155318228297254,0.00417509951180324,0.0010893803742787,0.000234268707350979,0,0.0105037791562356,0,0.00170372046320289,0,0,0,0,0,0,0.000552152686749616,0,0.221569488581603,0.000219284336946218,0.457948522757323,0,0,0,0,0.000373700726221175,0,0,0,0.000528426109473512,0,0.000116955673694387,0.147759537602738,0.0400362842582011,0.0714879130447433,0,0.000217332868124566,0,0.00481244689070446,0,0,0.00108501936597456,8.60144858967746e-06
1.77583522354852,8.77073631252029e-05,0.00711504660552974,0.0148718847944557,0.080306325287686,0.499655420481288,0.748944860065489,1.77463526409772,0.00869616897191606,0.173830587992209,0.0446236684866721,0.0749783289729778,0.00015919046889467,0,0.00608404220513567,0.01023049097513,0.10922991845368,0.0115872315586696,0.0464369672409356,0.0364397730799553,0.0428467253738493,0.00327798312360317,0.0675589920659929,0.108301944072588,0,0.0280470329791131,0.0125262713501763,0.154178071359208,1.60838406881667,0.198375758394178,0,0.280280999549628,0.00367897084425862,0.125062100787156,0.00217759167008988,0.029341053468733,0.010755342441798,0.156273741537176,0.0347087567623632,0.230750224544972,0.0439405818385297,0.00179288282777387,0.0183253691867556,0.000477435960460137,0.00468230254495561,0.00201181746644555,0.0115927992306414,0.00181201189214749,0,0.000173523053209461,0.00011248032566542,0.000117829160632349,0.000969460116413818,0,0.000221293738439508,0.00192859721288397,0.00234105356312976,0.00445351195400392,0.00096453509212339,0.000339807514943202,0.0009485781015912,0,0.00159070427325857,0.000247723545209287,0.000525100022760184,0,0,0,0.000950232012083059,0.000477488757109899,0.00045963853030076,0.000102983447116351,0.053006870396775,0,6.23945738266914e-05,0.00060447052494312,0.013342149823444,0.0051539135491386,0.00109931176456524,0,0,0.000498424805410719,0.00170000216048163,0.00161852618093286
0.000164867203061612,0.00491654648601292,0.00106248064260985,0.0361649509157855,0.819119931486878,0.712158805298287,0.00954444271240835,0.00913588020694956,1.28223978391511,0.0100219055588807,0.00299061040060339,1.25470983735686,0.000734906934235012,0.00608404220513567,0,0.00612268816309693,0.00159962160269396,0.000923261179521548,0.00119430270155375,0.0626513433517427,0.0104939725190957,0.011719333292648,0.0189621588866054,0.0565171156499906,0.00190367898254232,0.00142549919536594,0.00592861583649515,0.0187865098721585,0.00761961809304127,0.000659953777958349,0,0.000796652104626761,0.000418898917656577,0.00605056397626893,0.023496621219861,0.0656169130619171,0.0243304175948378,0.0326139902911883,0.0257659485864736,4.27414251491976,0.0311063434079373,0,0.0191199625038447,0.0234160950259345,0.0160445350134823,0.0207035332164891,0.0104280042954222,0.00115664912710014,0.000704948416487369,0.000389071706625055,0,0.000374680583713086,0.00128804238239949,0,0.000342945806574768,0.000526268547395613,0.00143250791200357,0.00598163870218919,0.000557695036513901,0.000486113134023681,0.00133467087892192,0,0.000312793237187314,0.00298425202935511,0.0166003237215887,0,0,0,0.00123287455962996,0.00307255359592898,0.0017772278501005,0.00700636535024906,0.011593560306271,0.000546935069359322,0.000955453869184408,0.00273887942338433,0.00467997606787113,0.000158671339218667,0.000400623997072948,0,0,0,0.000391073553405006,0.0185645504159072
0.0173381521434478,0.0156775347374267,0.00229523252990998,0.000173823547618014,0,0.000279133413916811,0.0207811550681353,0.003804259471997,0.00314449061182929,0.00174909544538716,0.000347529932406675,9.81710990531626e-05,0.00435288804025155,0.01023049097513,0.00612268816309693,0,0.0160685872145445,0.000843084451907305,0.00254530951518412,0,0.919565456737766,0.53230672485488,3.6230027367724,0.605695212030158,0.0147322785632271,0.00292568302727017,0.5284507452129,0.0639280787158098,0.00938422354444136,0.0255300728574208,0,0,0.00318452821109989,0.0119844106650803,0.0214949068189735,0.557702481298579,0.589325433298364,0.138500422207811,0.216980953212012,0.0696560272567892,0.0164451034370977,0.0055976579736091,0.215296132094733,0.045204979190893,0.0170271820490387,0.0253690040317325,0.0102955667883426,0.000470708112530804,0,0.00185822871903907,0.00118992574683806,0.00484640019001727,0,0,0.000178123996244922,0.00148384759908791,0.000496762615526785,0.00802906482913877,7.64825943730745e-05,0.000742613605773195,0.000132778766198727,0,0.00135019391494113,0.00333565416676514,1.30817118081978,0.00439366034689713,0,0.000765330509186571,0,0.0289981966072589,0.209753026051767,0.107030179170509,0.185448327808556,0.00141339947065105,0.000920563816450767,0.05293820945857,0.0185879603393697,0.00213727715465039,0.00422090553947243,0,0,0.00197534645192658,0.00437527999325848,0.0170736521181444
0.208072958786169,0.00650743628602075,0.680672717575724,0.000197069423493863,0,0.00060546403625159,0.155946287170798,0.044732892446575,0.000973799768412978,0.00380602683273072,0.024930014759253,0.000107917757784667,0,0.10922991845368,0.00159962160269396,0.0160685872145445,0,0.00783817523025411,1.82926960178944,0.000296228954741024,0.205759072245117,0.00839103128193415,1.33160150597405,0.00821776094013096,0.000399973300910655,0.231020891254062,0.676254402908988,0.0632775305348908,0.0578469957589083,0.301348355306253,0,0,0.0065956963218493,0.443621015028103,0.00227253881144286,0.0791658545051595,0.360135936291267,0.166572237964339,0.0662430119216198,0.00961185183786685,0.00246059878146818,0.00014892559286999,0.00277470797024291,0.0167186109006064,0.00379008580119804,0.0028398517449212,0.000204879264152047,0,0,0,0.00588225748639709,0.00252525406299619,0,0,0,6.23160747858782e-05,7.26203539181186e-05,0.00102128669490111,0,0,0,0,0,0.00017683904019377,0.00377915756161456,0.00254871604223627,0,0.000288514317274488,0,0,0.00836643137011779,0.00182237047128947,0.00153064671644442,0,0.000605663680194218,0.0260064035144875,0,7.49252949455914e-05,0.00013342381884317,0,0,0,0.000395889939114929,0.00197952724678693
0.00149725457441788,0,0.000330492251388844,0.000663813160539926,0.000795846298131703,0.0106024907770516,0.00191359672018319,0.00780041810724318,0.000560157491202397,0.00470619319083731,2.26668674223884,0.0119689242361611,0.000186142984496776,0.0115872315586696,0.000923261179521548,0.000843084451907305,0.00783817523025411,0,1.7809921153128,0.0023839057109601,0.0013870931232964,0,0.00426574056596381,0.00401815985975966,0,0.298371969615546,0.00846364789099981,0.00256263572046693,0.0217842038952142,0.000647488407291744,0.000696845236044288,0.00118977626058381,0,0.231411238553353,0.00132666794528918,0.0548589048519838,0.142784127458166,0.762121250230448,0.147776256398703,0.0390777523175805,0.00965322693565888,0.000811332830080551,0.0023791033930027,0.00220782092492685,0.000272896285996409,0,0,0,0,0.000107295303522286,0.000546008481320089,0,0.00024804156923806,0,0,0,4.34433721416315e-05,0.000114750138295757,0,0,0.00029765564497692,0.00129293035415132,0,0.00083102317195681,0.000289142630901976,0,0,0,0,0,0.000743536768080665,0.000247296224117548,0.00161732659295711,0,0,0.000647473316482336,0.000349190428312884,0.000224099760301293,0,0,0,0,0.000429340285167744,0.000855813732467258
0.0830235246709795,0.00278056159625751,0.0924242845620123,9.45037333724506e-05,0,0.00402010976640356,0.0464463087206426,0.0215394230068473,0.00115611786409198,0.0039070912081483,0.467984681402091,0.00273308551992125,0,0.0464369672409356,0.00119430270155375,0.00254530951518412,1.82926960178944,1.7809921153128,0,0.00240519840164005,0.0584738196095487,0.00447986607502878,0.116110521502118,0.00392432021370748,0.000579886123986927,0.786752984588716,0.287489571468551,0.0165542700384551,0.0371931038643233,0.053187253504157,0,0,0.00559639826332749,0.405399176581094,0.00188477278160225,0.129143058881924,0.477884304278515,0.672584985874367,0.129678159975928,0.0171858438699956,0.00647504597270068,0.00100331171592425,0.00356669616331041,0.0117454204834597,0.00455328006784881,0.0016275666645988,0.00043379144697992,0.000181552270593827,0,0,0.00192188786159345,0.00100661790602298,6.18981782437847e-05,0,0.000272539055806117,0,0,0.000969822165802664,0,0.000429003288668576,0,0,9.27516197672378e-05,0,0.00157570195221268,0.00120108707998177,0,0.000746995151954814,0,0,0.00205594545503449,0.000202247127103222,0.000418303670098204,0.000487395638413268,0.00162359900555661,0.0199504154471448,0.000340330800227783,0,0.000241465453603673,0,0,0,0.000421260178998739,0.00194540136279309
0.00362932717896413,0,0,12.0910745606198,0.000486074292537289,0.254282398300673,0.013902509896741,0.0592474952184112,0.620890166730161,2.02554684576898,0.0095941571990474,3.20593383854041,0.000277933785428297,0.0364397730799553,0.0626513433517427,0,0.000296228954741024,0.0023839057109601,0.00240519840164005,0,0.000838669623086919,0.00043892846291801,0.0012820405938424,0.645836346214659,0.000581825640260446,0.00141664056218771,0.00117568858669567,0.147926978016663,0.0373132984356219,9.37323174064059e-05,0,0.000984064059275648,0,0.0158536015936806,0.00114729932219512,0.180079905574781,0.00760674821212671,0.0726688699068015,0.018052760505838,0.26882189392456,0.0275321966318433,0.00186163374863103,0.0160501559131318,0.000348860653598133,0.00665106677687866,0.00269509099314948,0.034600193593912,0.002147254606889,0,0.000230132367076037,0,0.000361294132780299,0.180370989830557,0,0.0229258428365198,0.00629149107250399,0.0132437101410655,0.0769008291739218,0.0404718314380136,8.15141103777998e-05,0.0544208511503021,0,0.00165264202384682,0.00325353082035109,0,0,0.000121666459393766,0,0.0923322055074996,0.000423288024780283,0.000118937619771045,0.000151316594506491,0.0781162951748347,0,0,0.000226239721910562,0.0330373654077504,0.00375501082830872,0.000907599410132513,0,0,0,0.00148995818979168,0.000334309564790726
0.0384768011842661,9.0202910859585e-05,0.0412119119101758,0,0,0.000553655361239293,0.214343452901575,0.0209642692135662,0.000171592485327429,0.00357654940810519,0.00811662668600716,0.000332352526126421,0.000363102570607926,0.0428467253738493,0.0104939725190957,0.919565456737766,0.205759072245117,0.0013870931232964,0.0584738196095487,0.000838669623086919,0,0.00277435317058532,2.74471099374655,0.121989639140563,0.00089850957091752,0.0600988847911208,0.0664929684165069,1.69098602530801,0.0533583759172993,1.66960141002248,0,0,0.030805880394544,0.55458318721936,0.0348250838372922,0.322033876484093,0.137638750001583,1.03732780941568,0.377851834282834,0.100051874838561,0.0203489381446263,0.00177738432970652,0.0161136795610038,0.00339581678656632,0.00285161544516714,0.00767670383001668,0.00434971934475017,0.00139972277405383,0,0.000476375256233013,0,0.000138657557348099,0,0,0,0.000330233059760392,0.000160011792433589,0.000638119795642801,1.95401498285239e-05,0,0,0,0.00031790797180532,0.00304413483428843,0.0231247671632787,0.000141305778077073,0,0,0,0.00321322896238331,0.00824898735459568,0.00309366364447325,0.0250910325109309,0,0.000114070370861837,0.00455557244158736,0.00365826746792863,0.000925322943056884,0.00155192545078766,0,0,0.00031704617409169,0.001065714205514,0.0243188622813588
0.00265942637999155,1.82733522429463,0.000558171213890478,0.00365456200551877,0,7.41246135241682e-05,0.00116172742966866,0.00197068094631818,2.47268511169315,0.000948377538807307,0.00106436694399146,0.000288518256739445,0.0589065320332949,0.00327798312360317,0.011719333292648,0.53230672485488,0.00839103128193415,0,0.00447986607502878,0.00043892846291801,0.00277435317058532,0,0.00557798958184003,1.21587656144601,0.343286605271589,0.00186706761750722,0.571518021932153,0.00321349059371078,0.0027591063129285,0.00109010363635614,0.00133879658867613,0,0,0.00231389757779268,0.000934711312174936,0.017358578556732,0.0389403880619607,0.0193972638150416,0.00751593491193952,0.0439892227290556,0.00186620119509909,0.0033183780093671,0.0400376452995077,0.034902308320283,0.0160588221290833,0.0167250428844064,0.00885458472215453,0.000620095138175123,0,0.00127322964231884,0.00923405172836123,0.00393678475528246,9.34211600976398e-05,0.000134247189091915,0,0.00105814716188402,0.00111280842411551,0.0177473145910561,0.00014238367540099,0.000163648558532395,0.000256543297716602,0.00151669706602532,0.00181325301799815,0.00243630845602377,0.675005038616437,0.00455337178576012,0,0.0011972614246779,0,0.0111182760341219,0.510243785916878,0.0572371646308829,0.118347824682133,0.00348873491158051,0.000789233203307679,0.0924194618031659,0.013447550323356,0.00334867693165778,0.00444070408401672,0,0,0.00243404507456967,0.00428305060696576,0.0019720843444028
0.0589085074135733,0.000425696963021784,1.39675434160175,0.00144581038518493,0,0.000795692978368241,0.209665818792858,0.0330105797392038,0.00101256572346939,0.00849789846961545,0.0143215764009687,0.00130594115065493,0,0.0675589920659929,0.0189621588866054,3.6230027367724,1.33160150597405,0.00426574056596381,0.116110521502118,0.0012820405938424,2.74471099374655,0.00557798958184003,0,0.128766458433143,0.000778330134594339,0.351881959164344,1.55388865196408,0.346886257888172,0.0468781542126923,0.297507625386295,0,0,0.0126145013872658,0.364211669525939,0.109525826734327,1.10160809514423,1.23993487705297,1.22848321302656,1.23136611787644,0.337638807012021,0.0647092862651843,0.00381763528842969,0.0477800193877508,0.0150695165337631,0.00904502668988439,0.0223603468019006,0.00539291131890558,0.000808046289771745,0,6.03674781978598e-05,0.000302112332015104,0.00390453853524531,9.20802009073164e-05,0,0,0.000197258286805871,8.56691043737577e-05,0.00189714884229927,0,0.000718973976557562,0.000246972239765881,0,0.000197454167558106,0.00821562044846594,0.131759322933916,0.00126478051039845,0,0.000317764088899513,0,0.00357388666394138,0.0261854076213938,0.0263849461514862,0.0251186368526209,0,0.000582985257096432,0.061851416456402,0.00361469459422675,0.000912240805113721,0.000957597826271811,0,0,0.000326189198945623,0.000569802329705051,0.0899607723728865
0.0500783211808864,0.0529474265187761,0.00817653858862616,1.06904829687177,0.000120667621977338,0.105821067930784,0.244960745218851,0.186607249583515,2.46606391944899,0.242396155710089,0.00864260372195945,0.210006860027726,0.0012526334066191,0.108301944072588,0.0565171156499906,0.605695212030158,0.00821776094013096,0.00401815985975966,0.00392432021370748,0.645836346214659,0.121989639140563,1.21587656144601,0.128766458433143,0,0.00941216207803409,0.00728033458469088,0.145497081462596,1.99452242652357,0.16295364208084,0.051225601554624,0,0.000600364536474006,0.0234690776816803,0.0708147704000683,0.0230141367756917,0.394913735888697,0.0563482730998084,0.28661139230952,0.12153042786257,0.374628424626582,0.0474474712941111,0.00130557849376918,0.175895785870056,0.0184955889295009,0.0931811575743509,0.0238262655948179,0.254823121046228,0.0200662118909717,0,0.0112573874980817,0.015334650490358,0.0022542003829107,0.0570034593042394,0.000166434886601941,0.0242823258272999,0.0357148900980122,0.0625895773411871,0.223390046373405,0.0481157360038258,0.00558693039855276,0.071293433873593,0.0062739014372742,0.0395091312635586,0.01342318192044,0.0705199654884821,0.0013159977543141,0.000634962130514656,0.000641234214401062,0.0371153894169607,0.0115103020472946,0.0562937488418759,0.0102134567425877,1.16368699173655,0.0173399858924377,0.0013520904543658,0.0140797949339336,0.251990828938936,0.0780908035842411,0.0279528237097125,0,0,0.0130373540768312,0.0311173493186026,0.0157251034767184
0,1.87899880001119,0,0.0019002616242285,0,0.000291465603958004,5.76261332715304e-05,0.000128172433036474,0.0978028284137048,8.67015835235695e-05,0.594361294090699,0,4.24381497643932,0,0.00190367898254232,0.0147322785632271,0.000399973300910655,0,0.000579886123986927,0.000581825640260446,0.00089850957091752,0.343286605271589,0.000778330134594339,0.00941216207803409,0,0.0115948215684195,0.46371871644999,0.00023072286284696,0.000533299387199062,0.000272554708797605,0.0634263938368541,0,0,0.092418752921904,0,0.000964587143528529,0.0428014958152768,0.0150459499559146,0.00052412254117384,0.012817556933719,0.000656130177653888,0.591793679359535,0.00089897858741873,0.0464313088573549,0.00480164449550082,0.00193095954807355,0.000221374494671068,0,0.0295328609688737,0,0.0270748697096301,0.000290069582671408,0,0,0,0,0,0.000664616883698069,0,0.203446215225011,0,0.325788194628255,0,0,0.000357358480135087,0,0.000506703779395185,0,0.000103115095331802,0,0.000497759126312268,0,0.00015360090809691,0.589401265462678,0.0117139208201874,0.0821308275205155,0,0.00037374027459688,0,0.000777448430850505,0,0,0.000193267271269032,0
0.0135070826018713,0.00363186808357352,2.00804629430987,0.000191335450900434,0,0.00370847045874631,0.0854382696250339,0.016158756898904,0.00072558554589867,0.00534656337633085,0.668043650794589,0.00344859394924444,0.0233319971811558,0.0280470329791131,0.00142549919536594,0.00292568302727017,0.231020891254062,0.298371969615546,0.786752984588716,0.00141664056218771,0.0600988847911208,0.00186706761750722,0.351881959164344,0.00728033458469088,0.0115948215684195,0,1.28247685117154,0.0418507238133178,0.014494816498826,0.0412337788200375,0.0134847302997574,0.000168561585188692,0.000535260374326397,0.0912391151808034,0.00992399346564538,0.259430485188515,1.03504438116553,0.584313764946568,0.150177509984841,0.0204299955947793,0.0124311202274374,0.014061849554898,0.00819549567707735,0.0827303912469362,0.00906205523266045,0.00509032251959853,0.0010238122503434,4.32632810667662e-05,0.000338990010317669,0,0.00981955267584365,0.00104642336564089,2.67807842487997e-05,0,0,7.49370128002701e-05,3.52348333812827e-05,0.000645279567359819,0,0.00869288451882376,5.85858073650896e-05,0.0359377398924413,7.70261772164525e-05,0.000506079930642133,0.0013852861748561,0.00244584234962737,0,0.001960576725561,0,0,0.00325649496122259,0.000792054083460505,0.00142916122619654,0.0235940102580004,0.0153914435270022,0.120723775468207,0.000318241093601454,5.05838773537434e-05,0.000165751057454901,0,0,0,0.000466740883971467,0.0070258379838515
0.00997757292217537,0.72045121276331,1.05266105718519,0.000830231328132946,3.16518406567158e-05,0.00157164678913403,0.0251722101206094,0.00697152871264804,0.115277592190043,0.00259931110493083,0.0537526826831868,0.00177310966070012,0.3041211166659,0.0125262713501763,0.00592861583649515,0.5284507452129,0.676254402908988,0.00846364789099981,0.287489571468551,0.00117568858669567,0.0664929684165069,0.571518021932153,1.55388865196408,0.145497081462596,0.46371871644999,1.28247685117154,0,0.0355030574028223,0.0112531141754555,0.0227392541406664,0.0903214845060278,0,0.000926426008619015,0.128897016344869,0.0580168308746712,0.753385299951906,1.02449938851062,0.887520190361615,0.515868346685668,0.0906291381714661,0.0439042230802704,0.00567977149733423,0.112650241794547,0.358549379237863,0.107074830728896,0.0646996170021763,0.0148317478394149,0.00125396668843313,0.00123822350466256,0.00133408374516474,0.152163755140225,0.0474865002014857,0,0,0.000111364895712332,0.00229873582873256,0.000493363169706739,0.0214602834642745,0.000110498014881323,0.0248676022973711,6.04778504906547e-05,0.11976603620036,0.00216543462470931,0.00468288556637324,0.158963174027173,0.0468054672690922,0.000765456193832446,0.0182964502331098,0.000124123486075534,0.00352684693606884,0.191555994024097,0.070289790537555,0.027106391027085,0.130800325314413,0.0866286014844059,1.47534949125147,0.00475026757136968,0.000951615211986722,0.00147370145058548,0.000678724833324222,0,0.000115024028633288,0.0111142579909447,0.0538299571062917
0.0541895324390753,0.000153417648842075,0.050959784172526,1.29133177566155,0,0.030145073875398,2.33969413160128,0.148231897823227,0.169866417233435,0.979151966651126,0.00720417479261904,0.0235513384364838,3.08602985798325e-05,0.154178071359208,0.0187865098721585,0.0639280787158098,0.0632775305348908,0.00256263572046693,0.0165542700384551,0.147926978016663,1.69098602530801,0.00321349059371078,0.346886257888172,1.99452242652357,0.00023072286284696,0.0418507238133178,0.0355030574028223,0,0.276765474856632,1.18101216320137,0,0.000183867705559211,0.0589706685068897,0.149558324454296,0.0241276105279338,0.227657596436787,0.0618029947331968,0.419763042158253,0.142559814855079,0.185836136954803,0.0401258396738792,0.000738958193192778,0.0235833009813549,0.00255141990580968,0.0105117612228621,0.00442945922418232,0.0259764791271368,0.00284119944441404,0.000136653963630582,0.000663455047326115,0.000617318624887043,0.000395759720796622,0.0162603617596295,0,0.00493176917113118,0.00415843003547679,0.00981474097727924,0.0270357861181391,0.0103724033132972,0.000146011323872394,0.0142088502343017,0.000320775925747994,0.00424659951754065,0.00337436769111296,0.00665774549000971,0.000108134197452648,0.000147264958346844,0,0.00982028252782474,0.00123768142047613,0.00473192979866309,0.00201755869917619,0.124801161723501,0.000448739646456679,0.00023788870795112,0.00453720620130723,0.0338278984981394,0.00842074297968118,0.00266923145669203,0,0,0.00160817292972521,0.00258475477286207,0.0175814638466798
1.181408685911,0.000300696181106917,0.00263649632077756,0.0235153720183102,0.00725260987924081,0.212479348268045,0.205735972177615,0.353220114510969,0.00936709115307008,0.123576776766884,0.0944549052648697,0.0772022535042471,0.000927978508703593,1.60838406881667,0.00761961809304127,0.00938422354444136,0.0578469957589083,0.0217842038952142,0.0371931038643233,0.0373132984356219,0.0533583759172993,0.0027591063129285,0.0468781542126923,0.16295364208084,0.000533299387199062,0.014494816498826,0.0112531141754555,0.276765474856632,0,0.557198460078816,0.000693327366749442,0.0784474968802063,0.97399052399634,0.761307402705891,0.00385954648836209,0.0441493672945976,0.0204006282055388,0.415056450086607,0.0385050325825586,0.266802519315377,0.0577519513939237,0.00653624170326565,0.0153627370384103,0.00165552176829887,0.00509739043106459,0.00170182591760705,0.0100720797024633,0.000763078939129885,0,0.00019078740746417,7.74590500208635e-05,0,0.000917453381165236,0,0.000663467234660884,0.00177407676965643,0.00186771939810567,0.00537911753535738,0.001683617765393,5.17505638207129e-05,0.00226616113639219,0,0.00187299003666864,0.000909345215301795,0.00101496475982295,3.66035007310153e-05,0,0.000347718666697754,0.00107458600022117,0.000698553485815086,0.00153388550563915,0.000173780317410483,0.0645911500187825,3.75770704387829e-05,0,0.000894841654886355,0.0190502160894455,0.00575937929160244,0.00129564475264235,0,0,0.000686270546309003,0.00265127878533415,0.00291769279609745
0.604802818143772,0.000463111747748126,0.0200351006812154,0.000369892302666187,0,0.00109654670398363,0.90831357959798,0.0793970338226719,0.00055073231156469,0.00503012344326356,0.00221508346304705,0.000296133689090322,0,0.198375758394178,0.000659953777958349,0.0255300728574208,0.301348355306253,0.000647488407291744,0.053187253504157,9.37323174064059e-05,1.66960141002248,0.00109010363635614,0.297507625386295,0.051225601554624,0.000272554708797605,0.0412337788200375,0.0227392541406664,1.18101216320137,0.557198460078816,0,0,0,0.0741872822732142,0.437259203360886,0.00255370441959307,0.0314468404616917,0.0233711943163869,0.184953441258598,0.0448564013068776,0.00883083639477297,0.00139699095028822,0,0.00634903437673488,0.000446505892804114,0.00207071775281696,0.00116885463101519,0.00080828606822066,0.000309700857131227,0,0,6.58737007287772e-05,7.14625516868143e-05,0,0,0,0.000412816461847744,2.26200236306375e-05,0.000620767734383382,0,0,4.17329903895369e-05,0,0.000271041430866992,0.000698126525552345,0.00212737875168727,0,0,4.74635608641479e-05,0,0.000300099228413581,0.000795668451714368,0.000126951898843479,0.0174478423325164,0,1.96853056103087e-05,0.00147684509179818,0.00485575872257963,0.00143910807654433,0.00025052523653785,0,0,8.75159394783925e-05,0.000612304350069379,0.00160680619309923
