0,0.000663647167047938,0.140979728308769,0.000184993319301309,0,0.00128973557676561,0.281299224319081,0.063001841057116,0.000921527497578173,0.00430739092247853,0.000977694461928635,0.00216451530930486,0,1.65610676865679,0.0051863092187293,0.000234278069465351,0.161863509695749,0.000955498610700862,0.0179099312101959,0,0.0218721877211712,0,0.0632257865181994,0.00676139252129642,0,0.0213274922686732,0.0116762221619001,0.0167788256457517,1.38017645504667,0.379240491570514,0,0.00018604525938834,0.0147305819261421,0.0199757351754308,0.000753737390675252,0.018134073252425,0.0124172659998131,0.0892236356362607,0.0211902094353488,0.00999310540408025,0.00328532502240978,0,0.00103086030233632,0.000326164716736528,0.000948558434739791,0.000207141257531702,0.00158452781902082,0.000448050377650222,0,0,0,0.000188796913965922,0,0,0,0.000251510824942834,0,0.000357416827650312,6.12388119095916e-05,0.000155416308391569,0.000295181233995329,0,0.000185458475475098,0,0.000764695602234495,0,0,0,0,0,0.000133941390724141,0.000129077997572119,0.0039207765929745,0,0.000386989257332639,0.00108976797197173,0.0014053602925253,0.000290969026209434,0.00010977429729062,0,0,0.000131383351719122,6.33921405791358e-05,0.000575349787333002
0.000663647167047938,0,0.00240293900052197,0.000600175790974747,0.000998444825692016,0,0.000323011920087597,0.000227667769949658,0.254222761081442,0.00049209583622651,0.00125550684508245,0.00399391602097208,0.0137772722070845,0,0.0496215279365275,0.071461278845133,0.00683826643091047,0.00282289998618483,0.00495740910784718,0.000597804586277159,0.000210521076309204,1.64267468092469,0.00059840914790227,0.202100712684548,2.279588560619,0.00295154105696521,0.518331472121241,0.00413156254039294,7.96654481042482e-05,0,0.00647781885168506,0,0,0.00394753971198656,0.000289779837902807,0.00781110233082414,0.0223079023110353,0.0169946622101342,0.0128964960894803,0.00289006637122302,0,0.000323223402943643,0.0175413928574794,0.0183703406681577,0.0262922087724223,0.0161000394818623,0.00187357348063582,0.000574718029003735,0,0.000251047587576287,0.849506122671731,0.00307334301125967,0,0,0,0.000544577862071488,0,0.0100510968309478,0.000106041292032085,0.00463926537010139,0,0.0124465028710477,0.000149544326211783,0.000307544246749718,0.0127960718606209,0.0129587889796587,0.00279834881383103,0.0103410243610564,0,0.000989475232761269,0.103957722384277,0.00150873676045814,0.00486794380667611,0.0385992146735637,0.0184084980273813,0.126538597668878,0.000506290273872519,0.000145631016721617,0.000253884176785288,0.00429148093520622,0,0.000172388260870817,0.0023137075956942,0.000258398743740401
0.140979728308769,0.00240293900052197,0,0,0,0.00659200993446377,0.0893203234007329,0.137356939442566,0.000633756281866052,0.00747852005296535,0.0018380171201362,0.000275619463027216,0.000359079694914173,0.202780464545181,0.00313539563681615,0.0149557376459058,0.803062280754052,0.00331224169952125,0.0456571811821477,0,0.370352557605664,0.00224412555991094,2.56194693961333,0.00987867002446332,0.000295545868730623,1.2117785605721,1.64794121458503,0.0740739429166488,0.0544869953298631,0.261418934916322,0.000301935327866537,8.43616601213463e-05,0.00685581058834841,0.0428940334379493,0.00403805580956134,0.101708234316231,0.585518894022008,0.157231579115382,0.0838998661783396,0.0195992042274389,0.00599029932914466,0,0.031242990821046,0.0132263476478154,0.0446809236583077,0.0269528825583462,0.00140430105948792,0.00083175099959712,0.000300060223043758,0.000598983458497286,0.00498093494611762,0.0583912187209494,0,0,0,0.00144933553516738,0.000315283681372364,0.00080407652239044,0.000153606444752824,0.000100271980227445,7.54251932281427e-05,0,0.000554468740201183,0.0012799102001029,0.0156564886294334,0.042130979566894,0,0.005230479746843,0,0.00446711762412302,0.00265266260030703,0.0124387018772851,0.0106192026529707,0,0.0107738108911916,0.144597108043918,0.00484026207858801,0.000388958694956486,0.00143045588262367,0,0,0.000154786666143886,0.00476296999742663,0.00426866724641786
0.000184993319301309,0.000600175790974747,0,0,0.00102030101569301,0.0137890459546989,0.0145153783466149,0.0123311709694766,0.572098587107612,0.960141086422225,0.00143586427401687,1.45620740620573,0.000976182995064162,0.00734608667081928,0.106761840674686,0.000182843534157623,0.000116749699973771,0.0017647070457948,0.000653121921394776,9.7634573665139,0,0.00093234838578379,0,0.853140905346692,0.00238311549772172,0.00044098330581378,0.0011573931419424,1.61457758471892,0.00877097184877234,0.000532618085934767,0.000742886003552302,0.000269777204779508,0,0.00648379253893951,0.000376452169099212,0.0293266766871565,0.00244126554157124,0.0258489039627653,0.0104882572037297,0.130930321514584,0.00997497967201535,0.000258020299942225,0.00442724660852444,0.000109121552678138,0.00658879401918121,0.00215459738537101,0.0310167045504405,0.00195366902508275,0.00137131175293347,0.000491811481144883,0,0,0.316240384075884,0,0.00770516560413117,0.00552942148780601,0.00959452719781016,0.314466583108888,0.0678201975884884,0.000246228577440459,0.052898524128524,0,0.00252769970257933,0.00928072266684993,0,0.000252604426160125,0.000132955494074171,0,0.144122193760143,0,0.000101648798934727,0,0.0583325890908997,0,0.0001784396410796,0.000122389136513307,0.0804032692230981,0.00346046683371712,7.4990786019722e-05,0,0.000132384980896429,0.0004384104298015,0.00118406412515031,0.000257348963665232
0,0.000998444825692016,0,0.00102030101569301,0,1.34296364052149,0.000635673534169956,0.0260678583714949,0.0047120550742494,0.00240593399486339,0.000739905810344919,0.00634706209717373,0.00159290345701034,0.000323223001092356,1.30594761446653,0.000181699955249845,0,0.000962239629153615,0.000209848307856005,0.000538499088749284,0.000435102881617525,0.000126313205149609,0.000423440371250677,0.000528307825541577,0.000518212269861828,0.000120563958359364,0.000425366158808139,0.000549114256831551,0.000417240602757506,0.000141679620129195,0.000846086776849331,1.45755852916013,0,0.0523998744035427,0.00260669030858275,0.0045112406363378,0.00164703806436726,0.00667132836870691,0.00339069526847649,1.27573430812286,3.15961579076247,0.00496364073434868,0,0.0016202190896514,0.000573515613213837,0.000966811120857975,0.000201453443158816,0,0,0,0,0,0.000120541027296313,0,0,0.000206279597458219,0,0.000114011705641404,0,0,0.000533207292298544,0,0,0,0,0,0.000130582194314248,0,0.000138135207700424,0.000182379800713693,0,0,0.000187560888044415,0,0.000218264396234694,0,0.00100411031828699,0,0,0,0,0,0,0.00186258158434602
0.00128973557676561,0,0.00659200993446377,0.0137890459546989,1.34296364052149,0,0.0614937766102672,1.46052911292511,0.0161354051165052,1.23137079150142,0.0185298371269392,0.662240296020848,0.00794749773103893,0.0820507566134168,0.465192905558043,0.00020790356024019,0.00250220041668268,0.00344195524548231,0.00303813655697631,0.0150585972222625,0.00130878272375752,0.000116644215675853,0.00272328448727275,0.0371055467390034,0.00171732680559692,0.00492548130687244,0.0036635980005217,0.0360374118233743,0.0444053539840336,0.00335229153427402,0.00223153846802145,0.251535280337799,0.00145044209637691,0.0598512825894331,0.00111936128336151,0.0964104424415525,0.0122537873416862,0.0636488868125784,0.013160226800452,0.775136702121022,0.0862582519067309,0.0135415915138715,0.0099266981417384,0.000674268659587578,0.00759505013466908,0.00296333365574824,0.0179397336708752,0.00182948274726159,0,0.00155408066081095,0,0.00030494309728615,0.00440787595036825,8.1351400262138e-05,0.00329265449733642,0.00664176336121731,0.00576981676498066,0.0117803715570359,0.0172001304616878,0.000637166426563147,0.00858276905441104,0.000650263304506593,0.0024668106924324,0.00340120016821644,0.000272979061688734,9.12973629630769e-05,0.000148011235440906,0.000305556212150783,0.00650318833767556,0.00016412868436975,0.000275322618215388,0.000170725751082089,0.0413437927979793,0,0.000191822809065002,0.000365653260140019,0.0319697928000182,0.00859956379279722,0.00141833638003273,0,0,0.00102629464321527,0.00204075281927341,0.00120417989845788
0.281299224319081,0.000323011920087597,0.0893203234007329,0.0145153783466149,0.000635673534169956,0.0614937766102672,0,0.39870363244124,0.015999568169289,0.919501088705383,0.0149001536602554,0.0503612274279187,0.00288115058827611,1.23958421110471,0.0186091290812945,0.00248938316041825,0.0245511888184067,0.00545724724784734,0.0111579725639435,0.00424014850864225,0.0402067174529164,0.00167530159305778,0.0704666044001634,0.348184712641534,0.000734041767343994,0.0191258456317868,0.0431237913443818,2.76429917860408,0.260259522161781,1.18094776026989,0.00322395624517239,0.00374020797022138,0.037092099426793,0.0715120277235281,0.00835750678268479,0.149160227478016,0.0432151094178207,0.340044229694998,0.0895464982143216,0.126518986879195,0.0392824220648245,0.00413018061988539,0.0211359612996625,0.00108210251878809,0.0166329231773919,0.00760495657001889,0.0414631932876439,0.0066641491337141,0,0.00114225967752708,0.000152851417067655,0.000213926562294064,0.003017417073027,0,0.00694505836901885,0.0075508094787604,0.0111730726828279,0.0115240365560934,0.0101959431633975,0.000857959141928496,0.00843417231155523,9.79221103763802e-05,0.00464068601938281,0.0067135575364348,0.0077135740089097,0.000289899628069273,5.90654782164088e-05,0.000306065237966524,0.00223066094552732,0.00109843679003795,0.00126631032553052,0.00123542176948649,0.0747752808581496,0,0.000485460851956507,0.00241877033449925,0.0407147181970344,0.01129973104993,0.0025943275452037,0,0,0.000867484568261997,0.00329983052594901,0.005902573578972
0.063001841057116,0.000227667769949658,0.137356939442566,0.0123311709694766,0.0260678583714949,1.46052911292511,0.39870363244124,0,0.0110838763191412,0.462620847770596,0.0191985826509549,0.169532538355612,0.0120203746401834,1.52871618934342,0.0282197466244445,0.000693316151526725,0.0992197793197602,0.0026944967595534,0.0161583351033513,0.012862151816341,0.0218478031560692,0.000150593300617753,0.0538051864816248,0.0668257492761953,0.000897303778532972,0.0285509609960896,0.0196024256063315,0.0911621565854197,0.189701526202852,0.0858234696904353,0.000764537905288999,0.248994213718967,0.0183459146803507,0.103450333637705,0.00272487043361399,0.0940308204883149,0.0300889847770472,0.167418373949688,0.0382367650690774,0.316991544529532,0.194316302490517,0.0132621986459997,0.0104385726938216,0.00158642045690685,0.00974909275157882,0.00321461845065963,0.0178286395942054,0.00250779518734159,0.000388791065451703,0.00189107026185432,7.04858223947316e-05,0.000352444164730651,0.00480370491199272,0,0.0031886661997276,0.00786599385011247,0.00947860098087506,0.0102409465931141,0.015903964382867,0.000988205607871798,0.00656631713015864,0.000156676913851395,0.00655296606374112,0.00408450056651933,0.00261609793630951,0.000804117518242052,0.000364783436459582,0.000221526959390923,0.00627168118023804,0.000451751204718549,0.000573514292852241,0.000706363295295709,0.0761804153230668,8.34838701427544e-05,0.000258009400355151,0.00191110236098838,0.0412361135302739,0.0128048968341964,0.00315748419294795,0,0,0.00144343718994734,0.00279144821434797,0.00159271894237024
0.000921527497578173,0.254222761081442,0.000633756281866052,0.572098587107612,0.0047120550742494,0.0161354051165052,0.015999568169289,0.0110838763191412,0,0.198939100085214,0.000915107538112573,0.567286657805526,0.00348731130059078,0.00473775761997289,1.10649695980487,0.00291748906984641,0.00304589685636214,0.00109768514271404,0.00160257028749184,0.664843084030727,9.56900117529298e-05,2.15247364629343,0.00116361875460666,2.83587511433145,0.183974976543982,0.00069079790041853,0.0961769790286803,0.176573397920592,0.00859110571925906,0.000715558062978079,0.000451247446505444,0.000498652176612492,0.00197906808041537,0.0040734759194233,0.000546914499449833,0.0232578741182446,0.00865392732079452,0.029682584227859,0.0152824306643769,0.324189299221544,0.0062859773283983,0,0.0203862088080467,0.00435514533232023,0.0190033049415383,0.00751556590421717,0.0470957850451675,0.00730939643916288,0.00114676986259882,0.00244496107704634,0.00915580592973183,0.000489549635464372,0.0192929839345786,0,0.00399349364099684,0.00494305471006048,0.0048095559419544,0.975114619844523,0.0162999975868021,0.00159399100506468,0.0201874322403333,0.000843317227493525,0.00452625357307556,0.0105446167484752,0.0265731842971185,0.0019677485465873,0.00109614635390952,0.00144564381254286,0.030808507697202,0.00507052138719399,0.0388141691328381,0.00154408658559723,0.20033967022226,0.000746136991530977,0.00334110518814001,0.0118113262956735,0.0419698215222255,0.00939647317724083,0.00338889904195091,0.00031056980708714,0,0.00347978220253981,0.0033831499138909,0.000610406472885098
0.00430739092247853,0.00049209583622651,0.00747852005296535,0.960141086422225,0.00240593399486339,1.23137079150142,0.919501088705383,0.462620847770596,0.198939100085214,0,0.0463969616153363,1.5435968223309,0.00915355058435079,0.225668115286155,0.0482128537322969,0.000847946147283373,0.00532316337108287,0.0179272671285257,0.0187317304150364,1.17396980800058,0.00157892499332341,0.000431924318360268,0.00624038370755898,0.15441105316925,0.00528452599418664,0.0149694237276083,0.0178417164016846,0.894174325178193,0.120370035642719,0.00498859245545711,0.00657145620522349,0.0193361309233007,0.00210182405522658,0.123413830141255,0.0160625090170817,0.229882868092551,0.036767787475516,0.347309095977667,0.0717151614354342,0.369866290416673,0.114245957215956,0.00709815975976213,0.0187139542424618,0.000221320147255788,0.0179228695983527,0.00645803291251155,0.0627895970556266,0.00746634846126765,0.000966369189406859,0.00114152047687767,0,0.000296495850629799,0.0716146428898995,5.58333679964093e-05,0.0223980364391588,0.0188443763145011,0.0388068246438346,0.147101463773351,0.190017752974251,0.00113108071706047,0.0733947966100032,0.000749499442820948,0.00815004319083482,0.00744399493028741,0.00121728743439103,0.000303921258268391,3.28091919537163e-05,0.000361644507434672,0.075821676502213,0.000283916819548588,0.000205724725988406,0.000578747395202188,0.119517275021766,0,0.000284998510129746,0.00122956727523293,0.150161091515918,0.0109362001701039,0.000874725185635245,0,0.000139938549984227,0.000710901785781126,0.00550768344805083,0.00443476291159571
0.000977694461928635,0.00125550684508245,0.0018380171201362,0.00143586427401687,0.000739905810344919,0.0185298371269392,0.0149001536602554,0.0191985826509549,0.000915107538112573,0.0463969616153363,0,0.0169913749180852,1.27563438976613,0.0282356077539656,0.000905958949608913,7.06432140736737e-05,0.0088585514893496,1.33427098743492,1.10231156784994,0.00137042536401513,0.00356288901436431,0.0013208045531953,0.00340897548841346,0.0030271693543329,1.14355302944064,0.615885635324627,0.186040641591506,0.00924002748503006,0.05184896983604,0.00158001232028813,0.474158401494652,0.0166713137152041,0.000407302835838487,1.23275429687015,0.00149675885419423,0.0705989813578634,0.533652132780234,0.374346777004093,0.0528220018232184,0.0140708914615889,0.00944473399978681,0.413084991992414,0.00117417049737369,0.00248375091081767,0.0037049827497507,0.00221752858225483,0.00158783462644915,0.000652072340328389,0.00133960104742318,0.000135139851499979,0.00174368914576768,0.000188233426030412,5.95231503872293e-05,0,0,0.000205205522639583,0.000147853459153218,0.000123361697900947,3.96814903111243e-05,0.182196475756536,0.000127082464059142,0.156313109745871,0.000200136542034937,0.000925371947392555,0.00025794797289446,0.000742618247324002,0.000213918862427671,0.00166661723085986,0,7.53775816556054e-05,8.95384698104684e-05,0.000146840996131965,0.00416036969016681,0.150900765881671,0.0222864095008013,0.0242147214141482,0.00262925905116655,0.00022740166653562,0.000353695444613584,0.0130812833684201,0,0,0.000551758274779167,0.000826426857442071
0.00216451530930486,0.00399391602097208,0.000275619463027216,1.45620740620573,0.00634706209717373,0.662240296020848,0.0503612274279187,0.169532538355612,0.567286657805526,1.5435968223309,0.0169913749180852,0,0.00707948831461896,0.0523403569624354,0.819520446436939,0.000378479482576938,0.000767266846860378,0.00431689310637854,0.00435447823883941,2.63440426922121,0.000726422358751449,0.0140967356473454,0.000885689137637838,0.31949501649136,0.00971137521676772,0.00424017080014177,0.00567165727496478,0.244371740191627,0.0328621564050365,0.00411042277993823,0.00379776046455936,0.0126464392424268,0.000555045717071882,0.0492472985505663,0.0228027518876297,0.0984702463712724,0.0172725276717087,0.0685920468060746,0.00970721205433593,0.670199187507063,0.0484610344718963,0.00815096402663545,0.0148751041671739,0.00119608846982394,0.014233778479227,0.00670333695979821,0.0450947570073221,0.00405076150137765,0.000589898648078666,0.00064244185332037,0.00105811689230324,0.000382624985547256,0.44652428866058,0,0.0067288548260517,0.0128389998000916,0.0108028719590851,0.153328132488979,0.0416690469497326,0.00189173188663112,0.0677494540954766,0.00059806554712459,0.00547210379966121,0.012880924812766,0.000261994331492462,0.00028689163713591,0.000421701764211752,0.000378401374352708,0.296760416443256,0.00029238269441561,0.000910198024030027,0.000281297579077742,0.0933110725572098,0.000163707529153085,0.00048218682065234,0.00135746819852963,0.0857618176477745,0.0104691853128634,0.00464935508112358,0,0,0.00319908454764706,0.00458612600988509,0.00116987242067185
0,0.0137772722070845,0.000359079694914173,0.000976182995064162,0.00159290345701034,0.00794749773103893,0.00288115058827611,0.0120203746401834,0.00348731130059078,0.00915355058435079,1.27563438976613,0.00707948831461896,0,0.00255016341107426,0.00150309685244282,0.000737193307097437,0.000735605429533079,0.00200319841989427,0.00255336160371534,0.00135810372642599,0.000868804768717587,0.00504753791106962,0.00145745661051938,0.0029480494546416,5.05500931963389,0.0377194352093395,0.334521383215458,0.00272111003563683,0.00501825862623188,0.000552456408922632,0.985946660096937,0.0193002220543289,0,0.110770468928603,0.00192920016363428,0.809613154313493,0.12420323440168,0.254620890130912,0.129875741232346,0.0629966393013066,0.826733351750148,2.57180622599137,0.11005587073482,0.00355646613898857,0.00501405225346747,0.00125459861118172,0.00442213699759637,0.00272522052819401,0.0161937294779307,0,0.00409518296188804,0,0,0,0,0.000368459742345006,0.000221304530487392,0.00019143184801116,0.000666871854896021,0.129406950212584,0,0.272472173481179,0.000112896674592231,0,0.000559671853526843,8.61806306799483e-05,0.000655159196280772,0.000307958036784566,6.61289224708201e-05,0,0,0.000126045312675113,0.00116825491910547,0.0994479582223965,0.0114087533407923,0.011067543796909,0.00118070118571412,0.000426120603350059,0.000356626612433661,0.0116827917810822,0,0,0.11136591951181,0.000397028597059097
1.65610676865679,0,0.202780464545181,0.00734608667081928,0.000323223001092356,0.0820507566134168,1.23958421110471,1.52871618934342,0.00473775761997289,0.225668115286155,0.0282356077539656,0.0523403569624354,0.00255016341107426,0,0.00815514820625819,0.00121902814873415,0.265036113459663,0.00327306903811626,0.0309819326464671,0.00589316229076312,0.0354490065636543,0.000229065595364831,0.108356488224115,0.0237568294022939,0.000580669593897866,0.0508804188382489,0.0303620476196555,0.0901864261744919,1.29888134933793,0.29465479491055,0.00281574671383401,0.0414644583701612,0.0161834795403655,0.145052036192266,0.00254652414669693,0.0740902937280838,0.032395041943788,0.206045882481296,0.0350240959351839,0.0835393462590249,0.0482843327705753,0.00403469561982586,0.00636624331667468,0.00065197756556928,0.00408209938791419,0.0011322033518214,0.00693708936688633,0.000610383964650163,0.000486726704176805,0.000901159199329085,0,0.000168705956839077,0.000852029405646448,0,0.00155318809759024,0.00193663869047246,0.00125069545450451,0.00293340999158429,0.00184668313880952,0.000455435955958503,0.00159871040687078,0,0.00120971795224523,0.000223159621486888,0.0034409195724726,0.000139377289147291,0,0.000124224603245703,0.000384956223683487,0.00047810703367311,0.000357964370196442,0.000792128404026886,0.0229873313853616,4.06358876410967e-05,0.000354673630305299,0.00239205098912333,0.0119244707800066,0.00282755745916148,0.000431481081001727,0,0,0.000753182148616444,0.000741155204119075,0.00229925083301344
0.0051863092187293,0.0496215279365275,0.00313539563681615,0.106761840674686,1.30594761446653,0.465192905558043,0.0186091290812945,0.0282197466244445,1.10649695980487,0.0482128537322969,0.000905958949608913,0.819520446436939,0.00150309685244282,0.00815514820625819,0,0.0288183738072889,0.0039860323049973,0.00106274246917426,0.0013390704555599,0.166529404564433,0.0173517348853788,0.0994400524276376,0.0227592903660756,0.10006590600753,0.0325231168709434,0.00184409136450044,0.0334416204278335,0.0518518159237902,0.00640300971779534,0.0120413956539704,0,0.0303793282573144,0.00417872752039221,0.00668372242428362,0.0493070682225836,0.173124913205553,0.0661158475541561,0.0541243229047774,0.0696099764671479,4.47636606542325,0.053741640204566,0.00164984613662652,0.013938718565186,0.00584784007348343,0.0256701631407059,0.031143270626077,0.0302681890015508,0.00502621105701757,0.00184175352790309,0.00421703592673376,0.00189291622480798,0.00050938320426614,0.00640088760064765,0,0.000632288294768413,0.00307438904822047,0.00237012519554911,0.0526817264332747,0.00413290857321692,0.00042085665731924,0.00821422988648744,0.000471922061271415,0.000944361431011037,0.0329535028733908,0.00794066258131046,0.00068328791506609,0.000500267871247045,0.00119724103482108,0.00722559524101272,0.0046383243159975,0.00362703768838461,0.00074559168732315,0.0369990898446157,0,0.00290502221871222,0.00815973724145034,0.0133878759822073,0.0034174858604028,0.00263777491903449,0,0,0.000943254757679816,0.0018395108617587,0.0581362782428985
0.000234278069465351,0.071461278845133,0.0149557376459058,0.000182843534157623,0.000181699955249845,0.00020790356024019,0.00248938316041825,0.000693316151526725,0.00291748906984641,0.000847946147283373,7.06432140736737e-05,0.000378479482576938,0.000737193307097437,0.00121902814873415,0.0288183738072889,0,0.0428977567054328,0.00080816233272777,0.00606289934236295,0,0.257408977915244,0.708054217576939,1.3351734482935,0.867445850395893,0.00654759490955387,0.00494391878823091,0.983791963677872,0.245173328351809,0.00105113240117197,0.00768845896227991,0,0,0.000603152287035258,0.014357882989929,0.0261095330811212,0.519368706676498,0.725660905543708,0.210394310592496,0.347849521647705,0.159957660492775,0.00633259618303489,0,0.0740298326928704,0.0572270103825263,0.0324495006883004,0.0528946907205381,0.0266141488580109,0.00165514369391531,0.000503963147957765,0.00152875618713838,0.00917446100918489,0.00628342454458394,0,8.01805595415607e-05,9.29463411306183e-05,0.00209205451919909,0.000800822910839463,0.0160633221719947,0.000290307134095723,5.3371343074462e-05,6.11289910161798e-05,0.0001561768277846,0.00154855511170087,0.00589120785799646,1.22567065058451,0.00816291063771325,0.000266156008367248,0.00224174789071268,0,0.143958197146263,0.105725057276825,0.108537661922323,0.195955334317652,0.000526700865172147,0.00375560349682086,0.0532787699379657,0.0410916945073586,0.00232183584181937,0.00817761831568667,0,0,0.00129639743408596,0.00179923783396776,0.0154622580053544
0.161863509695749,0.00683826643091047,0.803062280754052,0.000116749699973771,0,0.00250220041668268,0.0245511888184067,0.0992197793197602,0.00304589685636214,0.00532316337108287,0.0088585514893496,0.000767266846860378,0.000735605429533079,0.265036113459663,0.0039860323049973,0.0428977567054328,0,0.0301648351495887,2.29536633093579,0,0.202685193301183,0.00445111025922014,0.83082580708722,0.0217103786582559,0.000416083346606061,0.666992412734765,0.678319257797488,0.0551080746036344,0.263211817155396,0.213626321277514,0.000330370626485776,0.000339424491564803,0.0743751277926199,0.334448796939863,0.00385449699154831,0.0786921858213798,0.366474965474172,0.184970511899021,0.0680559695074601,0.0202265754726421,0.00569629451607635,0.00160058728215426,0.0188398178571329,0.00928106843441095,0.0349359356803843,0.0245086150417819,0.00362007380148565,0.00271530750546142,0,0.00081041697449861,0.0110594401229622,0.0313930072291294,0,0,0,0.000475550857439287,0.000235408358789871,0.0011837774973711,5.14151433181152e-05,6.89454964227995e-05,0,0.000152304065122059,0.000348404542023706,0,0.0113066133866628,0.037776128552923,0.000118939501613919,0.0079556269325721,0,0.0027847618896806,0.00363969979484649,0.00722864960145378,0.00502908201984806,0.000704598671288078,0.0229956491283142,0.0982387938598823,0.00231864554613821,0.000987560498876203,0.00146146199644791,0,0,9.98877819646223e-05,0.0050919354521638,0.00197192893864679
0.000955498610700862,0.00282289998618483,0.00331224169952125,0.0017647070457948,0.000962239629153615,0.00344195524548231,0.00545724724784734,0.0026944967595534,0.00109768514271404,0.0179272671285257,1.33427098743492,0.00431689310637854,0.00200319841989427,0.00327306903811626,0.00106274246917426,0.00080816233272777,0.0301648351495887,0,2.1251661050593,0.00170436038491731,0.00191376909150776,0.000125997473984949,0.00356013723407484,0.00185331778898275,0.00330076729446457,0.485252188125147,0.124005921725888,0.0040999482254774,0.0094088480764686,0.00139707162421427,0.0505896245342059,0.00349314059622219,0.00111284995255739,0.20632462713466,0.00267014100981664,0.113264533652628,0.416416730272583,0.3740300408577,0.110342842913597,0.00819631395819346,0.00745965526866126,0.00498689722471998,0.00372848340046086,0.00658860886097149,0.00933238477801556,0.00276227988015216,0.00104106793782109,0,0.000573749303232993,0,0.00411752378466086,0.00112124203324756,0,0,0,0,0,0.000396484925313916,0.000127831643271195,0.00229176442065745,0,0.00137184891677662,8.24901652966663e-05,0.000338080142712228,0.00117987452386433,0.00182402130923177,0.000137402216535904,0.00552284052903647,0,0.000142519798382992,0.000460314772113906,4.93616619345757e-05,0.000950866087662391,0.00381828732921085,0.0163180339141147,0.0203387429162141,0.000347316302560457,0.000109666729650625,0.000242318560656908,0.00355908009655222,0,0.000248149471338052,0.000655178636235835,0.00169777608684436
0.0179099312101959,0.00495740910784718,0.0456571811821477,0.000653121921394776,0.000209848307856005,0.00303813655697631,0.0111579725639435,0.0161583351033513,0.00160257028749184,0.0187317304150364,1.10231156784994,0.00435447823883941,0.00255336160371534,0.0309819326464671,0.0013390704555599,0.00606289934236295,2.29536633093579,2.1251661050593,0,0.00126230677699535,0.0348084218229924,0.00104569835169171,0.0560320634365599,0.00402588134601648,0.00246834681725459,0.725356582664875,0.278484560936214,0.0147141602301199,0.0308047212634121,0.0156794045639979,0.00195913185266027,0.00047784020713884,0.00673735070571945,0.937988352986811,0.00499931120477852,0.126643613452692,0.462379190025787,0.397718208440615,0.10650653105683,0.0110953034964882,0.00637410206312884,0.00133805987539731,0.0134767470431846,0.0109639805490363,0.0206878895621229,0.0155751433425245,0.00144678535685722,0.000880884519940624,0,9.54110675829203e-05,0.00650259737734257,0.00602476451490722,0,0,0,0.000544323157048022,0,0.000977136640396663,4.28681307417049e-05,0.00144701688053025,0.000158198758310865,0.001212709321035,0.000250884471266916,0.00197633953163164,0.00281879925561984,0.0194858790204893,0.000257603396321276,0.0200253746961388,0,0.000608986595035557,0.000773867038586368,0.00130366832321652,0.00298049110808685,0.00272599310265454,0.040565096997786,0.0591008322557061,0.000651687835856052,0.00045606129475814,0.00104871439029172,0.00101134723785931,0,0,0.00441727111356353,0.00314688161543771
0,0.000597804586277159,0,9.7634573665139,0.000538499088749284,0.0150585972222625,0.00424014850864225,0.012862151816341,0.664843084030727,1.17396980800058,0.00137042536401513,2.63440426922121,0.00135810372642599,0.00589316229076312,0.166529404564433,0,0,0.00170436038491731,0.00126230677699535,0,0.000144457764820076,0.00194648809608194,0.000202848033727963,0.569730990720877,0.00362632715682796,0.00033863749598894,0.000614681251735947,0.201980445032162,0.00395489992746114,0.000182627326704736,0.00213173130642671,0.0040279243358021,0,0.00564036545389372,0.000141042814142817,0.0273194777921556,0.000431781961759024,0.0193857906273578,0.00703897715323037,0.191841135062838,0.0127876487335732,0.00176824358934345,0.0052760384414747,0.000652662346926104,0.00158074471630791,0.000799130399573874,0.0199587972347614,0.00213838928541612,0.000244571942962721,0.000556376606915675,0,0,0.0477546182651156,0,0.00456585499899942,0.00145149669432167,0.00412422376707335,0.275550452184257,0.0439865403333797,0.000364812956676858,0.0339288634554621,0.000576572888722017,0.000791964876755561,0.0030234838233592,0,0,0,0,0.0584549771263119,0,0.000278714000083561,0,0.0263835316814278,0,0,2.30262772974196e-05,0.0295485414721454,0.00088390716962927,0,0,0,0,0.000734991012067889,0.000109860053995777
0.0218721877211712,0.000210521076309204,0.370352557605664,0,0.000435102881617525,0.00130878272375752,0.0402067174529164,0.0218478031560692,9.56900117529298e-05,0.00157892499332341,0.00356288901436431,0.000726422358751449,0.000868804768717587,0.0354490065636543,0.0173517348853788,0.257408977915244,0.202685193301183,0.00191376909150776,0.0348084218229924,0.000144457764820076,0,0.000770198177935492,2.91449865611873,0.00829824926866561,9.55139168394986e-05,0.0241210059064823,0.0587102548801035,0.788301858092826,0.0377729798873833,1.88947766166264,0.000396853107086669,0.000177405827661556,0.0186454613878112,0.509522056572428,0.0246643770020286,0.339835488082431,0.205151085436365,0.934496050321395,0.382483705599428,0.146887483624798,0.00268035231425793,0.000280744914213722,0.00739903386486624,0.00501513095147531,0.00264481849079337,0.011048097383739,0.00384528104439963,0.000522721916596927,0,0.000201022051722447,5.5802211725315e-05,0.00121318074385313,0,0,0,0.000239561151184553,0.000108264860536953,0.000463222891410986,0.000101550501521496,4.80965379232303e-05,0,5.74795528018664e-05,0.000456261071016937,0.00289569349776593,0.0244324721489228,0.00124084060830972,0,0.00016869532423958,0,0.0156943017338808,0.00251866960594457,0.00438253182820249,0.0295774814187742,0,0.000421221254397786,0.00541280352229287,0.008298180296715,0.000567077849893441,0.00178493172577391,0,0,0.000231402392581841,0.000452192999326954,0.0114763236737258
0,1.64267468092469,0.00224412555991094,0.00093234838578379,0.000126313205149609,0.000116644215675853,0.00167530159305778,0.000150593300617753,2.15247364629343,0.000431924318360268,0.0013208045531953,0.0140967356473454,0.00504753791106962,0.000229065595364831,0.0994400524276376,0.708054217576939,0.00445111025922014,0.000125997473984949,0.00104569835169171,0.00194648809608194,0.000770198177935492,0,0.000942583726174694,1.95036258302784,0.356549042948157,0.00156793940612569,0.220518209646444,0.00944032244366251,0.000719574872176011,0.000135628279611715,9.67134287037305e-05,0,0,0.00231465172267574,0.00021745238766418,0.00445288350403343,0.00905197798764079,0.00983640866630127,0.00396430103246108,0.00922149171370746,0.00064551120523143,0,0.0201592701633641,0.00609137420249896,0.0145961304155677,0.0117501361803233,0.00559343979399972,0.000189805797209071,0,0.000776959310697406,0.0251936863077717,0.00266127986068456,0.000205655126745332,0,0.000477744545651505,0.000827642379135514,0.000145534266343462,0.11540322691439,0.000467820668826878,0.000638420503755366,0.000108013814488135,0.00140773616462828,0.000402087004319944,0.00159243471783113,0.230618970985245,0.00607881784933234,0,0.001279289918134,0.00014415738320483,0.0211565048259148,0.571237164125319,0.00977409931608685,0.0711741088796695,0.00241767686440413,0.004078852712386,0.0688875376551788,0.00705552629455766,0.00144528551231331,0.00140194915949382,0.00234469349675598,0,0,0.00109008193882909,0.000864464807840185
0.0632257865181994,0.00059840914790227,2.56194693961333,0,0.000423440371250677,0.00272328448727275,0.0704666044001634,0.0538051864816248,0.00116361875460666,0.00624038370755898,0.00340897548841346,0.000885689137637838,0.00145745661051938,0.108356488224115,0.0227592903660756,1.3351734482935,0.83082580708722,0.00356013723407484,0.0560320634365599,0.000202848033727963,2.91449865611873,0.000942583726174694,0,0.0416629973533373,0,0.164140721195648,1.7494118053145,0.216381563085437,0.089231923758117,0.431813187197237,0.0002828089473617,0.000252350824038546,0.0172368981977333,0.309823167119878,0.0609410609790351,0.685302821708529,1.31489258449793,1.00230491304772,0.828003459070014,0.330393558489616,0.010338463018593,0.000468837880565162,0.026955802457971,0.009401430091357,0.0136657354194462,0.0211621550499478,0.00710120375872624,0.00165765480782238,0.000221360934066087,0.000269048578552929,0.00183712770894324,0.00580671169051903,0,0,9.98827355299563e-05,0.000608879033320986,9.84809928055736e-05,0.000642207993019541,0.000287550053844437,0,6.01227564162362e-05,0,0.00017172189148676,0.0037084106557268,0.183120287938469,0.00405650301882155,0,0.00086212407966927,0,0.014210835509387,0.00737911375056229,0.0452838919884387,0.0249898542417026,5.51909087435167e-05,0.00219840369306908,0.0612985550170767,0.00680216088547031,0.000915103614319998,0.00168502277432949,0,0,0.000113443335909928,0.000709005330289733,0.0314033454109637
0.00676139252129642,0.202100712684548,0.00987867002446332,0.853140905346692,0.000528307825541577,0.0371055467390034,0.348184712641534,0.0668257492761953,2.83587511433145,0.15441105316925,0.0030271693543329,0.31949501649136,0.0029480494546416,0.0237568294022939,0.10006590600753,0.867445850395893,0.0217103786582559,0.00185331778898275,0.00402588134601648,0.569730990720877,0.00829824926866561,1.95036258302784,0.0416629973533373,0,0.0392243307519124,0.00482973876424378,0.33776013541453,1.27185723214394,0.041798653973454,0.0133743000979754,0.00117748594062948,0.00217164097843528,0.010924810621454,0.030859998593883,0.0087756283482012,0.163575444729357,0.0800644902217208,0.160411794801965,0.0731624030650119,0.106907477574186,0.0202379995105768,0.00111625158303667,0.147921062922158,0.0263659124208971,0.104963963800338,0.0387985650936935,0.198707884305109,0.0295574193389691,0.00133093310239795,0.0162936303359111,0.00644231243937872,0.00517252760758442,0.0320790620164985,4.32260632592693e-05,0.0288481517956688,0.0514738994228363,0.0489176042900382,0.330047673724971,0.0669142379364457,0.00538748636651381,0.0513474853815029,0.000803988014708061,0.0366789018755694,0.0270853679396706,0.184658642316688,0.00760540471050399,0.00197295329235348,0.00478762981863037,0.0296443543497752,0.0575568522445008,0.0597593214767957,0.0201236893387434,0.952020732371826,0.00174592621279455,0.00594660158942545,0.0458815252087599,0.322821362859898,0.0761167387450984,0.0351923065565789,0.000308391723223479,0.000205962895994578,0.013445118911474,0.02882392327304,0.00959559217004617
0,2.279588560619,0.000295545868730623,0.00238311549772172,0.000518212269861828,0.00171732680559692,0.000734041767343994,0.000897303778532972,0.183974976543982,0.00528452599418664,1.14355302944064,0.00971137521676772,5.05500931963389,0.000580669593897866,0.0325231168709434,0.00654759490955387,0.000416083346606061,0.00330076729446457,0.00246834681725459,0.00362632715682796,9.55139168394986e-05,0.356549042948157,0,0.0392243307519124,0,0.0454231835843993,0.579543594358486,0.00195762930312634,0.00289511011317304,0,0.689515685329178,0.00145742400616133,0,0.0175440060979812,0.00021461069764567,0.149806575550574,0.0457496848763002,0.0100756533162434,0.00522136734312587,0.0427419000667048,0.00233972683050116,0.319147017292273,0.171887795488798,0.015108507214879,0.0174776932314581,0.00866370964933355,0.0194331913533437,0.000943197660310847,0.00898958866733229,0.000977168147568319,0.140148252784104,6.93059091263436e-05,0,0,0.000334981558600414,0.000429208513463722,0.000955503663098836,0.00221512177105043,0.00110537170047735,0.221922189433732,0.00168401251558194,0.220049918643228,0.000274143238637064,0.00118420456584506,0.000544897757832619,0.000424202732130126,0.00286146686127962,0.00352383053203259,0,9.81372281845787e-05,0.000375537431178987,0.000118731183776123,0.0021888658611316,0.501268166819734,0.0346595902156729,0.0849982273838841,0.00167831599666469,0.000756775770690443,0.000202969353941637,0.0366580188868518,0,0.000398350320958408,0.0404309852284066,0
0.0213274922686732,0.00295154105696521,1.2117785605721,0.00044098330581378,0.000120563958359364,0.00492548130687244,0.0191258456317868,0.0285509609960896,0.00069079790041853,0.0149694237276083,0.615885635324627,0.00424017080014177,0.0377194352093395,0.0508804188382489,0.00184409136450044,0.00494391878823091,0.666992412734765,0.485252188125147,0.725356582664875,0.00033863749598894,0.0241210059064823,0.00156793940612569,0.164140721195648,0.00482973876424378,0.0454231835843993,0,1.32307599570007,0.0146956584271861,0.0239363181530504,0.0300581940340518,0.633467136147596,0.00245791753632993,0.000957701862394374,0.105367924228751,0.00687981617051941,0.138949024698632,0.625548643667153,0.181766684919389,0.0585103323341544,0.00871745269314543,0.00661327582017658,0.0277184851987795,0.0244769206144017,0.0203714357341594,0.0434611756547355,0.0192364554395324,0.00213248042692666,0.00128339208747858,0.001021608708342,0.000992327683945015,0.00667117053640914,0.0187118859152355,0,0,2.59449353092103e-05,0.00129559476148073,0.000248825735221915,0.00160009604422627,0,0.05597824427572,0,0.0290453121769862,0.000830747879256137,0.00152480708683225,0.00337362460249334,0.0389037593641004,0.00162176105589036,0.0283441752699943,0,0.0018614896539347,0.00167462653431173,0.0024662313100537,0.00430650840178954,0.018159777930984,0.11729580653318,0.168997062942403,0.00173930703658784,0.00107743697438885,0.00189287528368478,0.00963669177118288,0,8.17684670615564e-05,0.00955277609953193,0.00476121592199543
0.0116762221619001,0.518331472121241,1.64794121458503,0.0011573931419424,0.000425366158808139,0.0036635980005217,0.0431237913443818,0.0196024256063315,0.0961769790286803,0.0178417164016846,0.186040641591506,0.00567165727496478,0.334521383215458,0.0303620476196555,0.0334416204278335,0.983791963677872,0.678319257797488,0.124005921725888,0.278484560936214,0.000614681251735947,0.0587102548801035,0.220518209646444,1.7494118053145,0.33776013541453,0.579543594358486,1.32307599570007,0,0.139748131781667,0.0256090555501046,0.0261556603611169,0.171283342507478,0.00123522040919459,0.0022509202176954,0.370551631134562,0.0539278552629338,0.375241304856731,0.573923666119933,0.941155308578497,0.350878200341067,0.0949990524480253,0.0318171290907074,0.0120817201372999,0.152679911954696,0.0858291663921585,0.200953903098569,0.119463673910652,0.0152312398460334,0.00766143942316641,0.0017408235965729,0.002901059917839,0.147058868445895,0.0922203843268362,1.98801453537108e-05,0,0.000351029177338157,0.00646228985707242,0.00119099002189596,0.0102311496632594,0.000724319671417233,0.110602821036043,0.000254235393602924,0.0609125771585428,0.00214388138504672,0.00512331634471406,0.252711573303859,0.118764643321349,0.00603523079958221,0.0738214317353853,4.44421098346535e-05,0.0215427808750678,0.0604769844595593,0.145723473316212,0.0420781824554796,0.0913354343390146,0.357494383901981,1.31825417577519,0.0147759736412246,0.00460215567001832,0.00870194702045604,0.0327946352460824,0.000137151556749128,0.000441906915117251,0.0275127839604947,0.0492358369571259
