0,0.00192106111690566,0.142718813351464,0.0106203379212232,0,0.00513328073141837,0.950754397559047,0.443076713506454,0.0309336316586671,0.0128655140949262,0.00338891055058515,0.00444946244526458,0.000317409480830635,1.11218841428674,0.0108000338754373,0.00200751147013575,0.334205256557663,0.000816996103242601,0.031013052529283,0.00602471937846055,0.0713942308284915,0.00153207709732028,0.147028915189709,0.0727071568819598,0.000725555631441235,0.0139511218086506,0.0306706956080611,0.151187976921321,0.802580580344926,1.06239570029763,0,0.000852911847484296,0.0533030884260911,0.284627856604076,0.00129937205392227,0.0410673646566826,0.0335682490284155,0.215669424383701,0.0481707252592565,0.0423934788851294,0.015653152364866,0,0.00439721331429735,0.00150872249748314,0.00566748526283854,0.00208636224675028,0.0145991617000336,0.00333070331785718,0,0.00745892842487403,0.000446345446142249,0.000553787437017512,0.000178064628391738,0,0.000514946476710777,0.00163545595741559,0.00219908786456348,0.00618227172952913,0.000267890673193186,0,8.14950061001048e-05,0,0.000730388452445932,0.0011491070885077,0.00221591858612199,0.000231826653420827,0,0,0,0.000966583624398539,0.000854054427670663,0.000198381386134333,0.0246732881164643,0,0,0.000791320948956072,0.00443643616368901,0.00328805475199151,0.00315607401120051,0,0,0.00103437268363459,0.00134354168332837,0.000674708911193111
0.00192106111690566,0,0.00676477822389831,0,0,0,0,0.000581902928764791,0.321191364082157,0.000102373608954514,0.012608234126413,0.000190961733202975,0.0566653120994547,0.000665982422003662,0.00116663834802963,0.0777996667360152,0.0073426577566217,0.0101587716944921,0.0420438230096346,0.000363109270616621,0.000363302933362175,1.49458781792249,0.00104037569438865,0.291474629036225,2.55336129050059,0.0404960483379608,0.747915340438578,0.0017543507739434,0.00105233721548615,9.36769737462139e-05,0.0046850729860194,0.000240374714660548,0.000438597101132653,0.0151390148170508,0.000428913507470736,0.0258342378633538,0.136805446169855,0.103893830013684,0.0202710195109024,0.00936311842770779,0.0007488527088227,0.000256247985677544,0.0255740282794756,0.0714648649960431,0.109727406594449,0.0358028638138798,0.00368379299661898,0.00212683266966257,0,0.000212439493178205,0.0383475923031394,0.0171267925021247,0,0,6.4239019193643e-05,0.000874168117071757,0.000719263250605726,0.0154468528908202,0,0.00346609662480017,0.000264221493617575,0.000566422747737768,0.000394240639625729,0,0.0165969666107246,0.0206205249741701,0.00108438392249246,0.00593503144919714,0.000446360731923542,0.00139007823380256,0.0304512883929952,0.00733630129844144,0.00704689880425746,0.0170358573687875,0.00889776583363649,0.20045858189983,0.000475301436585154,7.10860061704267e-05,0.000898620707921185,0.000949865311471822,0,0,0.0187982273654212,0.000825900012102016
0.142718813351464,0.00676477822389831,0,0,0,0.00305557055900076,0.176532831539615,0.0958822325970135,0.00317193841004418,0.00314033849500868,0.00347698126904977,0.000258860570801666,0.00032134477231266,0.119109734365554,0.000650803582863971,0.0107464698184791,1.49629188828754,0.00778514355871568,0.184512957651265,0.00116110227387622,0.290140151981522,0.00489197856406293,1.97287851244853,0.00451827041879274,0,0.879264762933053,0.707290787068925,0.0691277746399588,0.0116402898047018,0.156066864370121,0,0,0.000822031835603199,0.138006403972894,0.0024918157107321,0.122410857318213,0.708219482974478,0.35471361969239,0.0855970135179912,0.0118088738910392,0.00189605263504312,0,0.00620179726439802,0.00983364656380383,0.0106720579154299,0.00523128106436319,0.00134638154810211,0,0,0,0.000549398512784186,0.00136680552451774,0,0,0,0.000384016512994398,5.84179224117683e-05,0.000958170276016257,0,0,0,8.40031902967727e-05,0,0.0012543430237937,0.0012231882258153,0.00117635977933926,0,0.000149407922770325,0,0.00016146431124001,0.00134239108777166,0.00191719893140495,0.00109929374586841,0.000219075162240172,0.000108012059830678,0.0231408556422964,0.000226889590998845,0.000243129814949945,0.000204242823319945,0,0,0,0.00312711923858885,0.00223692779454467
0.0106203379212232,0,0,0,0,0.0309132732682178,0.0139961854297067,0.0424737114544734,0.669132418235193,1.34869491576781,0.000221313820653213,0.462386610151161,0.000322827828771875,0.0125281375539496,0.00714209827061915,0,0.000745104206719022,0,0.000167417096190934,17.9042422269586,0.000349290338173158,0,0.000665939058228716,0.944750573952581,0,0,0.000426691626271973,1.28103733919621,0.0495103479485453,0.000770301931248864,0,0.000138363463385157,0.00244208712795057,0.0148640483920139,0.000703157407094108,0.0269692761778343,0.00150594805522054,0.05651273232557,0.0276982866386461,0.0982293700185375,0.0217557383572931,0,0.00242260940597758,0,0.00455999933994446,0.000872348201197328,0.02807044905732,0.00329616315529332,0,0.00565730677299331,0,0,0.0227775354276053,0,0.0024256451114265,0.00616381435929723,0.00159877235283505,0.0439760339201456,0.00582745435193811,0.000667187893749534,0.00688688982782762,0,0.000291598110398573,0.000428989136767935,0,0,0,0,0.0227274434232662,0,0,0.000213085757094422,0.0550728867580847,0,0,5.36448126218754e-05,0.0259472806525996,0.00405837372723195,8.47507141316511e-05,0,0,0,0.00336199647034617,0.000389166178114453
0,0,0,0,0,0.619927725577553,0.000202566525279608,0.317797576332848,0.0295118616728488,5.28331234315527e-05,0.00230089070463044,0.00435626658403399,0,0.000226817870480941,0.746221144961955,0,0,0.000828734326269828,0.00120943806445141,0.000235214474201896,0,0.000276374757954778,0,0.000583598355850725,0,0.000261536627122371,0.000198420538604055,0.000328073175189262,0.00291043037275345,0,0,0.755045825454376,0,0.0783901068411421,0,0.000190647586417424,0.000328741444141089,0.00544212037322409,0,2.63275854977882,4.13624170816577,0,0,0,0,0,0,0,0,0,0,0,0,0,0,0,0,0,0,0,0,0,0,0,0,0,0,0,0,0,0,0,0,0,0,0,0,0,0,0,0,0,0,0
0.00513328073141837,0,0.00305557055900076,0.0309132732682178,0.619927725577553,0,0.388744960770893,2.43999492641224,0.0417055988784255,2.34263139275852,0.0116937822707752,1.22460241588443,0.000191987185846386,0.0713544986535597,0.163926241312893,0.000128010648134041,0.00204818539216367,0.002526890888187,0.0056588574440609,0.0957292909370243,0.00102241455599581,0.000177294977589181,0.00208931007787635,0.045808295319984,0,0.00190369944081239,0.00412878688828708,0.21492829907685,0.120107191322119,0.00327959763761442,0.000268793240347994,0.100377551956029,0.00111158155049948,0.0946575296615545,0.000483299975213606,0.0183272914805252,0.00219732350204238,0.188604187708049,0.0061821045201977,1.1200579064595,0.217798294345128,0,0.00210837161157227,9.07510168385115e-05,0.000880704737543545,0.000149671365010117,0.00326434381284631,0.00054813369861162,0,0.00151120941983122,0,0,0.00100590224399934,0,0.000812745313478327,0.0028383130962436,0.000664065250664342,0.00641781922128217,0.00116278728415923,0.000165233225843674,0.00129451653170162,0,5.55005753854277e-05,0.000264608565533279,0.000234253893616251,0.000114502622491585,0,0,0.00161247462901199,3.84149323859554e-05,0.000436025197862939,0,0.0126204594582597,0.000124927798628036,4.9250788963652e-05,0.00026306161623663,0.00372173148426892,0.00181529887689931,0.000775197397020637,0,0,0.000292871511453803,0.000410697655546021,0.000446117708800762
0.950754397559047,0,0.176532831539615,0.0139961854297067,0.000202566525279608,0.388744960770893,0,0.790212785470194,0.0444458578839419,2.33304019262478,0.00264441428341412,0.0370827170682118,5.07364962547292e-05,1.32558281417356,0.010322132877647,0.00835236708062548,0.0304737271961132,0.000527413366003339,0.00867369197427622,0.0125515816571813,0.108456662852422,0.000541229554124759,0.161250080336154,0.432241293450664,0,0.0140699101098275,0.0315316278640318,3.15530204114545,0.189212533821008,1.04119164994039,0,0.000745715109445031,0.0222563066280803,0.0832812471457951,0.00478052214283219,0.126128184660904,0.0599707504750173,0.277589191949519,0.0817917022212638,0.158116707527878,0.0316403296341538,0.000272783982726905,0.00969937924078995,0.00124985370777949,0.0100231054116799,0.00335339220084029,0.0228176940264512,0.00469848806182909,0,0.0080723171347611,3.51257722144491e-05,0.000365621427834127,0,0,0.00056428427660318,0.00527750112560058,0.00311579348477883,0.00833528412891985,0.000735673157073406,8.41878527930502e-05,0.000224110234414555,0,0.00109463088871201,0.00507568784549338,0.00351035976442038,9.15942762269532e-05,0,0,0.000474272902513486,0.00142627103776168,0.00146610281990586,0.00076847051062882,0.0400508712143573,0,2.12312965459406e-05,0.00107673264653933,0.0114849257350082,0.00597658528985193,0.00482557622735871,0,0,6.0417338698571e-05,0.00340430918239258,0.00231682452981215
0.443076713506454,0.000581902928764791,0.0958822325970135,0.0424737114544734,0.317797576332848,2.43999492641224,0.790212785470194,0,0.0315601314182975,0.592426628165625,0.0534082722895741,0.117229102018773,0.000282968936519665,1.88153436948362,0.0505548857479441,0.00156640735749948,0.156092999242576,0.0109772379249361,0.0396228890085653,0.0748641715353603,0.033003907356234,0.00113058690849983,0.0750008055090468,0.106137497189166,0.000223591486942926,0.0207000927136296,0.0382074986899137,0.243838036250149,0.652532697711895,0.176756725204829,0.0007342013789373,0.236557166487861,0.0243992384395006,0.421387157477583,0.00164239181207573,0.0511423311360565,0.0245199395236549,0.655752052127748,0.0399425236877694,0.672353138058454,0.521702960835413,0.000487535005650986,0.00528152309350538,0.00219344024567462,0.00576508292428239,0.00113389880083705,0.00877563949479387,0.00219231215262516,0,0.00727898612378873,0.000126755883170768,0.00017578282508917,0.000152958928847469,0,0.000552256345866583,0.00370192421514958,0.00263109980453098,0.00657808313082551,8.08517639016245e-05,0.000162460916038442,0,0,0.00099651238020627,0.00191189214297757,0.00123149744155908,0.000247325957530276,0,0.000139585456073133,0.000259572599036071,0.000659486970268853,0.000763434042014546,0.000801288375323617,0.0289061361202394,0.000195099524574523,0.000496748671114648,0.00249303301993198,0.00820543181891537,0.00377763012750892,0.00291658925400865,0,0,0.000298675748237864,0.00193480801856784,0.000996426670413292
0.0309336316586671,0.321191364082157,0.00317193841004418,0.669132418235193,0.0295118616728488,0.0417055988784255,0.0444458578839419,0.0315601314182975,0,0.226518209947129,0.0055230922997467,1.51914299026267,0.0192595824341667,0.0103210322138969,0.803935440152567,0.00698897475854629,0.00947995520837623,0.00300996457807299,0.0128047936730032,0.771275850742709,0.00157324663148037,2.00077083187963,0.00194258073814914,4.71266279238212,0.245585808401589,0.00490926985220907,0.191548447946662,0.204599816265065,0.0291828991990958,0.00651688991816916,0.00358603349063612,0.000159473874142106,0.0115235792325399,0.0204965005370322,0.00148999280834229,0.108144951547015,0.0453632256656925,0.118490007507382,0.0420135786942261,1.02493840442338,0.0124417292058369,0.000654619149481964,0.0276381320539891,0.00402782513884024,0.042646101922575,0.00665176232194265,0.125255174192595,0.0285184444641983,0,0.050866002391252,0.00450269268769863,0.00148152056182226,0.0358264785915208,0,0.00874485484055904,0.0262777600342806,0.0121095136028808,1.51248349035762,0.0192560201336284,0.0021713022480424,0.0160842970361497,0.00161317231170795,0.0042552300016407,0.00873197404128935,0.0341597555275038,0.000561796456982925,0.000180661055530706,0.00104410923599309,0.0421912932646597,0.00457080550642807,0.0787780573562568,0.00139287047871707,0.35344156130718,0.00267997833396344,0.000586722798358101,0.0131979916475411,0.0707113098199926,0.0258960204071886,0.0131415655701513,0,0,0.00476900743300511,0.0156919626714115,0.00121771086893633
0.0128655140949262,0.000102373608954514,0.00314033849500868,1.34869491576781,5.28331234315527e-05,2.34263139275852,2.33304019262478,0.592426628165625,0.226518209947129,0,0.00212374668726361,1.27778538243784,0.000354709384288065,0.179778718540047,0.00872443339898284,0,0.00174903112595764,0.000187327324633733,0.00221117428310033,2.93708450312225,0.0013999713527213,0,0.00266751278436094,0.211147296630252,0,0.00102897932696082,0.00291829709360082,0.904886950112868,0.234838795221983,0.00283112768145515,0,0.00137605502184479,0.00190593471133966,0.0682217256537948,0.00240285768211449,0.0415878660391722,0.00640235356627319,0.18516369180164,0.0302558120436909,0.493454277547723,0.0714513681801313,0.000809561436931228,0.00242602277880571,0.000177569199811096,0.004988782441701,0.00010948382700425,0.0317628561521664,0.00399624170544472,0,0.00435429126048634,0,0,0.0203825663917058,0,0.00354633525494956,0.0072693793249691,0.00233088049275443,0.0322800836506908,0.0104551185059634,0.000107102825671447,0.0131227067071178,0,0.000578789108307967,0.00174745939993502,0.000143334848949878,0,6.82359998671472e-05,7.5350896487753e-05,0.0129859099238322,0,0.000305961627456858,0.000181251495323717,0.0631494790978404,0,0,0.000283020380830816,0.0394356100185444,0.00560815378721535,0.000538071047869989,0,0,5.7820724672105e-05,0.00342201411343751,0.000704496549120213
0.00338891055058515,0.012608234126413,0.00347698126904977,0.000221313820653213,0.00230089070463044,0.0116937822707752,0.00264441428341412,0.0534082722895741,0.0055230922997467,0.00212374668726361,0,0.00221197310977383,1.43762130245442,0.00731135297959311,9.22033610512808e-05,0.000365960865518926,0.00191355319505303,1.03009675829842,0.564424348599595,0.00138880762617233,0.00769793919431685,0.00742784463988284,0.00802121065380075,0.00296922974111989,1.98582602708576,1.12664697887104,0.162399066579655,0.00348165086290488,0.0892084384255315,0.00271404837547352,0.570227873300494,0.0497947472946674,0.00070719002565992,2.54632852379375,0.00142553441745588,0.0691980805030976,0.359807692700585,1.90500824240053,0.144201925072266,0.016179299714362,0.0638627625284981,0.576021842586452,0.00753596786516007,0.0781568440421554,0.0528831668618794,0.00545180020421487,0.00134317739535585,0.0007964355844748,0.00120235513012367,0,0.00384264465664618,0,0,0,7.49245119165626e-05,9.0416665862101e-05,9.79059676409558e-05,0.00117317083291493,0.000137033903074615,0.0171807329969363,0.000117386938813096,0.0250274699886393,0,0,0.000111624709855187,0.000709294439504722,0.00388151199283118,0.00489683864357383,0.000160149503043851,0,0.00125859742137317,0,0.000614763818104639,0.107293020421721,0.0582785196348556,0.103068966660308,2.49056686040241e-05,0.000113086056477816,0,0.00822366056054669,0,0,0.00249344939847963,0.000617281990887359
0.00444946244526458,0.000190961733202975,0.000258860570801666,0.462386610151161,0.00435626658403399,1.22460241588443,0.0370827170682118,0.117229102018773,1.51914299026267,1.27778538243784,0.00221197310977383,0,0,0.0218936602591975,2.00563021550024,0,0.000293213821079556,0.000506401045954438,0.000936162852739164,8.11718940147111,9.20761862542932e-05,0,0.000690180963982471,0.212037801836581,0.000822013854009632,0.000370934571163402,0.00127589329668608,0.0543010734006092,0.071055926572855,0.000434996376725463,0.00035712771422047,0.000832607461184959,0,0.0347743694725162,0.00029533846209692,0.137462699130083,0.000793251079140173,0.106313113618794,0.0030055584615607,1.7744089894156,0.0351086259753747,0,0.00108004201557835,6.95124518467344e-05,0.00535745590145584,0.000423208292871371,0.0259442070927889,0.00461253854749074,0.000303926846245972,0.0026573152528384,0,0,0.0144334178924844,0,0.00345669168728648,0.00433218993572056,0.00256327269328576,0.0484241145475304,0.00760903067042257,0.000512168132124559,0.0358148410565642,0,5.95335271358741e-05,0.000120725081098512,0,0,0.000486554293782212,0.000228241913370012,0.0165684241288158,0,0,4.42563942012028e-05,0.0271487034895372,0,0.000120878443141303,0.000309249938187837,0.0187337638614789,0.00189498251312434,0.000313200507794383,0,0,0,0.00304952261142811,1.74000728402938e-05
0.000317409480830635,0.0566653120994547,0.00032134477231266,0.000322827828771875,0,0.000191987185846386,5.07364962547292e-05,0.000282968936519665,0.0192595824341667,0.000354709384288065,1.43762130245442,0,0,0,0.000418217346883978,0.00250559664336414,9.47152478836364e-05,0.00456207310226042,0.00232875720295255,0,0.00038190855711207,0.0427707808835493,0.00112227234616872,0.00521408097604025,7.76782546583995,0.130194462671008,0.511667754968712,0.000425936390548064,0.000421247497397778,0.000196633856125234,2.06106323404323,0.000556219410812374,0.000161241455112654,0.0524641754961756,0.00140312187635077,0.430968125434111,0.08443936830185,0.467509822842621,0.0748687444300323,0.0201326056116839,0.321778255362428,1.70022639676924,0.042936461738367,0.039718905984777,0.0469353253999558,0.00612703917953754,0.00194486998569305,6.34546729696341e-05,0.000667343809600079,0,0.00407719198652395,0,0,0,0.000149573622016851,4.03139759973274e-05,9.14088601847302e-05,0.00288932245651835,0.000157254723177739,0.0145408553051699,0.00013256726877185,0.026444311010325,0,0.00137928324672829,0,0,0.00281115715427169,0.00229400028110577,0.000493843780344356,0,0.000801543757120351,0,0.000878173839670363,0.0890432397350479,0.0510470786538109,0.0915259192659544,9.45070375536154e-05,4.8754871121489e-05,0.000165512089716018,0.00292012776084458,0,0,0.00133600457489946,0.000325059854950864
1.11218841428674,0.000665982422003662,0.119109734365554,0.0125281375539496,0.000226817870480941,0.0713544986535597,1.32558281417356,1.88153436948362,0.0103210322138969,0.179778718540047,0.00731135297959311,0.0218936602591975,0,0,0.0027277829163405,0.00167745890339431,0.102622168960135,0.000949140825645789,0.015838077285694,0.0160916429557534,0.0278235893517477,0.000472259967602312,0.0895564857415369,0.0411129572654551,0,0.0144415086972735,0.022786859285184,0.112168601170592,1.64237535235258,0.150122101339382,0.000150448369569223,0.246046950585977,0.00849334031879927,0.112185800053481,0.00117345415616407,0.0271158132710255,0.0157112078677614,0.203715130030112,0.0228061505702613,0.0996650143477308,0.0232107759706854,0,0.00254422577446543,0.000872427969915849,0.00332298529013,0.000381458459107436,0.00560430485734766,0.000765298934542992,0,0.00345726740299806,4.35998800666281e-05,0,0,0,0.000517079258433506,0.00214518561227355,0.000935332022506549,0.00178664257128843,0.000185823515411014,6.92290860765735e-05,0,0,0.000159365556566313,0.000596421990447515,0.000876417397914935,0.000176720126494528,0,0,0.000101532354286662,0.000330014744237701,0.00106625351924056,0.000155768955559243,0.0125298255321255,0,9.39816957616201e-05,0.000685769134317511,0.00388448141883698,0.00222912362770451,0.00110665216646821,0,0,0.000101648924186098,0.000988270619426481,0.000673383984687852
0.0108000338754373,0.00116663834802963,0.000650803582863971,0.00714209827061915,0.746221144961955,0.163926241312893,0.010322132877647,0.0505548857479441,0.803935440152567,0.00872443339898284,9.22033610512808e-05,2.00563021550024,0.000418217346883978,0.0027277829163405,0,0.0279896290369763,0,0.000923403443662901,0.000535107187695602,0.0611945557135306,0.0157486846185745,0,0.0104407724265976,0.0268200895122384,0,0.000131919113283609,0.0084058745754793,0.0276895128774079,0.00496948760429769,0.00794811063770644,0,0.0119460599697714,0.000581947475947683,0.0041703434202904,0.0449174942146262,0.204931713441165,0.0444716355081383,0.0267213009690545,0.0205095412347754,2.80177983556107,0.0497506785077175,0,0.00258958985319322,0.00432217072201283,0.0143937924391702,0.0123409148906514,0.0100245280414095,0.00314143091116148,0.00218094505289873,0.00285103446908248,0.0001747187561595,0,0.000616924815201078,0,0.000106217636905919,0.00072024692399151,0.000892732966568388,0.00914965616565465,0.000418469720484563,0,0.00183355678671086,0,0,0.0300277109155204,0.000334277127697624,0,0,0,0.00054735942168068,0.00028481492815912,0.00102091460690549,0.000557705712617905,0.00834523466641914,0,0,0.000663309364201674,0.0018920509012062,0.00181967899351666,0.00075429195318324,0,0,0.000467323914642992,0.000268863499186109,0.0150223094626568
0.00200751147013575,0.0777996667360152,0.0107464698184791,0,0,0.000128010648134041,0.00835236708062548,0.00156640735749948,0.00698897475854629,0,0.000365960865518926,0,0.00250559664336414,0.00167745890339431,0.0279896290369763,0,0.00510029212959577,0.000294654595890037,0.00144794435425463,0.000489505480865998,1.13448335197954,0.768559927696073,0.818918654842263,1.15740565328289,0.00359794344888148,0.00111305814501124,1.06641281196404,0.145342620086049,0.0027324835017065,0.0185521232471703,0,0,0.0012169434348603,0.0238273144747801,0.0406000453158084,0.485533913062174,1.67011157556355,0.260435295366226,0.392668684600398,0.281837370932492,0.0439517078153414,0.0013714927293239,0.0536683750032871,0.0530375308640482,0.0285862138310349,0.042138169621504,0.0325833986595664,0.00885399487954819,0.000837590123030609,0.00537523043966128,0.00140746902139586,0.00450041249716152,0,0.00152862917633161,0.000204179325581618,0.00339570094220835,0.00301517440491129,0.0161067688933572,0.000285217819989557,8.97364318866124e-05,0.000108677339325764,0.000882008800663414,0.000819925352889842,0.0190497854013789,0.749789658202978,0.00136058974480344,0,0.000663560148683091,0,0.0546205538310879,0.0567124298343321,0.0395492206584613,0.0979323753530155,9.33055135566149e-05,0.000188768677546479,0.0460178861191521,0.0208378496681472,0.0034782766846332,0.0194487259633662,0,0,0.000782999610691197,0.00755404033734437,0.0230848903276199
0.334205256557663,0.0073426577566217,1.49629188828754,0.000745104206719022,0,0.00204818539216367,0.0304737271961132,0.156092999242576,0.00947995520837623,0.00174903112595764,0.00191355319505303,0.000293213821079556,9.47152478836364e-05,0.102622168960135,0,0.00510029212959577,0,0.00402508226989518,0.76731378690595,0,0.0606243653786236,0.00500463165954838,1.26915359308666,0.00852192234936649,0,0.670416864262899,0.739604213328652,0.028621813154093,0.0768022448195551,0.150254955326896,0,0,0.00182956886672523,0.300767162329895,0.000741331496341411,0.0274914781642525,0.224991288901321,0.0703953666525574,0.0154613422847603,0.00501817920233713,0.000681401901310506,0,0.00250214550601224,0.00563165843444969,0.00633751735163696,0.00106289492185923,0.000738565521094075,0,0,0.00016279814484188,0.00125888848795653,0.00177301817573496,0,0,4.39252542374889e-05,0.000133951595960796,4.184074664422e-05,0,0,0,0,0,0,0,0.000835905715079392,0.000763632291970379,0,0.000151197645615087,0,0.000542926611122641,0.000829803894169602,0.000935813323541323,0.00086241398464504,0.00072924367905786,0.000412881185864957,0.0159679274366865,4.44343459715061e-05,0.000149173538206747,0.000232531702201435,0,0,0,0.000900797613632187,0.000318669549334368
0.000816996103242601,0.0101587716944921,0.00778514355871568,0,0.000828734326269828,0.002526890888187,0.000527413366003339,0.0109772379249361,0.00300996457807299,0.000187327324633733,1.03009675829842,0.000506401045954438,0.00456207310226042,0.000949140825645789,0.000923403443662901,0.000294654595890037,0.00402508226989518,0,1.39103387132179,0,0.000213750599788731,0.00678158382990588,0.000702070156787245,0.000396216395852217,0.0200027847336248,0.541583354887069,0.111194387102502,0.000554640532900774,0.0141401295490749,0.000609763989799965,0.0233318119182016,0.0163226511192297,0,0.101905212437084,0.000362329631508947,0.0343850918345507,0.167598520876528,0.300352260884454,0.0507964168931666,0.00642384892860485,0.0178046310695295,0.00237766211120866,0.00482350017659627,0.00972859443849103,0.0403390782019213,0.00762478247159511,0.00045904023474664,0.000561387020852989,0.00153638273741015,0,0.00729367434439424,0.00032833467896734,0,0,0,5.43697189347232e-05,9.5201642178602e-05,0.00474134810733754,0.000101489395945911,0.00407887250634064,0.000208421715288535,0.00188886662199622,0,0,0.00032027483218836,0.000181633164441868,0.00230331529942694,0.00562312802565443,0,0,0.00186895930912299,0,0.000536380071269656,0.0156192127267893,0.0118074411236644,0.0329966229528167,0,0,0,0.000574348852331548,0,0,0.00166896332669288,0.000253191876885177
0.031013052529283,0.0420438230096346,0.184512957651265,0.000167417096190934,0.00120943806445141,0.0056588574440609,0.00867369197427622,0.0396228890085653,0.0128047936730032,0.00221117428310033,0.564424348599595,0.000936162852739164,0.00232875720295255,0.015838077285694,0.000535107187695602,0.00144794435425463,0.76731378690595,1.39103387132179,0,0.000526465717435544,0.0182401858280979,0.0100929398537546,0.0386502943512952,0.00271471248627308,0.0106905559908535,1.06227635088404,0.40966902956572,0.00652910360641689,0.0311672154414823,0.0109809001794935,0.00570257341184417,0.00917028296708654,0.00180811678932653,0.412745681388604,0.000852825522550177,0.103566905811282,0.876032747250687,0.929733587077377,0.0895891648612796,0.0147047399505213,0.0217975944627022,0,0.00814338037398306,0.0102217852118703,0.0408298455733554,0.0114693280899137,0.000583087507397056,0.000232755218970513,0.000257923256392466,0.000162790142155825,0.0107532322998078,0.000444107675742843,0,0,5.68061287569595e-05,2.84769196927838e-05,0,0.00371617819701522,0,0.00114375235217818,0.000587053589454168,0.00085183490546445,0,0,0.000486963836960948,0.00272517254251085,0.000719041655119492,0.00458617954905734,0,0.000187694365750848,0.00286509532700368,0.000857260190534741,0.00121735621240807,0.00916099093682218,0.00756208811601152,0.0619920963988672,0,0,0.000145652933042182,0.000238989576903966,0,0,0.00367882178796191,0.000646321730840016
0.00602471937846055,0.000363109270616621,0.00116110227387622,17.9042422269586,0.000235214474201896,0.0957292909370243,0.0125515816571813,0.0748641715353603,0.771275850742709,2.93708450312225,0.00138880762617233,8.11718940147111,0,0.0160916429557534,0.0611945557135306,0.000489505480865998,0,0,0.000526465717435544,0,5.77189980865088e-05,0.000144573654733219,0.000110191087897655,0.861426225429314,0,0,0.00025709735764643,0.295625298992257,0.0625397036029299,0.000313279215295682,0,0.00245564139424894,0.000843959549474844,0.0261751819903748,0.000441089576884379,0.0576990738264131,0.00109206952514013,0.0851329129006998,0.0119912832094914,0.445659212526702,0.0445524307987761,0.000838110006487168,0.00195831216974266,0,0.0104566009860358,0,0.0760206473898225,0.0103488536193878,0,0.00449171783721801,0,0,0.0666569301128322,0,0.0108366616527658,0.0125661528451153,0.00471581664873661,0.170716036517691,0.0333461530362546,0.00121721079399996,0.0331566743321776,0,0.00156600946281671,0.00222948088687418,0,0,0.000199368859568852,0.00023553553057915,0.0719410661931201,0,0.000375571515969647,0,0.125689037861579,0,0,4.6396379093388e-05,0.0634110639331302,0.00626844466880276,0.000610865909161071,0,0,0,0.00579279177295522,1.01508002882129e-05
0.0713942308284915,0.000363302933362175,0.290140151981522,0.000349290338173158,0,0.00102241455599581,0.108456662852422,0.033003907356234,0.00157324663148037,0.0013999713527213,0.00769793919431685,9.20761862542932e-05,0.00038190855711207,0.0278235893517477,0.0157486846185745,1.13448335197954,0.0606243653786236,0.000213750599788731,0.0182401858280979,5.77189980865088e-05,0,0.00686606805617096,3.20086650614785,0.0765472745998418,0,0.0178311872646626,0.207194045286955,1.24453232981026,0.0393219287746168,1.67622365560234,0,5.65256220810637e-05,0.00614842545619184,0.363872622748921,0.0210837288827323,0.220600490474053,0.354496156341025,0.55238100535608,0.190645443918113,0.126374648328406,0.0234746242719277,0.000123328782806935,0.00718342271143139,0.00224459125151635,0.00412583742149066,0.00481314118952977,0.00536747711745615,0.00064662114814882,0,0.00158589274102071,0.000314516235169543,0.00035713443455398,0,0.000186863865708972,0.000128246892698743,0.000961014214123539,0.00139929665572981,0.00135901616149479,0,2.49088864310992e-05,0,0,0.000165124794403658,0.00240550509225429,0.0197050475044748,0.000333360011471939,0,5.73333340625009e-05,0,0.00743987599701869,0.00230400948800123,0.00122632947606844,0.0166376565158353,0,0,0.00277410307481401,0.00384924330080839,0.00164297360781598,0.00538755686121292,0,0,0.000197968611785528,0.00105485440358823,0.00984501344648482
0.00153207709732028,1.49458781792249,0.00489197856406293,0,0.000276374757954778,0.000177294977589181,0.000541229554124759,0.00113058690849983,2.00077083187963,0,0.00742784463988284,0,0.0427707808835493,0.000472259967602312,0,0.768559927696073,0.00500463165954838,0.00678158382990588,0.0100929398537546,0.000144573654733219,0.00686606805617096,0,0.00350433789131112,2.179600245324,0.771040015284493,0.00922324714123192,0.463363219697861,0.00956895283973536,0.00106447797034706,0.00127629352558722,0.00563188084307739,0.000188808041403296,0.00045299178034169,0.0109376849812077,0.00114716118773357,0.0230636085973979,0.0745604377381422,0.0621542025415598,0.0190800608933423,0.00845184953894696,0.00121757189452575,0.00032236699669947,0.0410148072310578,0.0491106390155104,0.0384010469788589,0.0390365394992347,0.0201155763987589,0.00414733163045126,0,0.0020996448006888,0.0190612349745996,0.0124066338336128,0,0,0.000191954396254329,0.0015983179495787,0.00123672561307449,0.0505944642729321,0,0.00123259746202271,0.000576434318433094,0.000317198807010864,0.000477409144297186,0.00475240262257659,0.516180798429848,0.00325540793715529,0.000889497153177987,0.00116330611013056,0,0.0155708576792022,0.387700912931749,0.0334051206540644,0.0518025705966382,0.00336110594839151,0.0017139102410643,0.138354588793623,0.00861244491682032,0.000588512162267575,0.0034530551387604,0,0.000124309491562969,0,0.00553800805187222,0.00242451927986935
0.147028915189709,0.00104037569438865,1.97287851244853,0.000665939058228716,0,0.00208931007787635,0.161250080336154,0.0750008055090468,0.00194258073814914,0.00266751278436094,0.00802121065380075,0.000690180963982471,0.00112227234616872,0.0895564857415369,0.0104407724265976,0.818918654842263,1.26915359308666,0.000702070156787245,0.0386502943512952,0.000110191087897655,3.20086650614785,0.00350433789131112,0,0.0283173978399664,0,0.0435801296501701,1.42794947080388,0.198756953326878,0.0335877347139382,0.354706103503421,0.000142765212121395,0,0.00310372462268536,0.199811092554475,0.0361138765041531,0.287093836343437,1.80324965082183,0.733976965809953,0.456779473591114,0.215243294005119,0.020381871267887,0.00123428016306613,0.0058558974937773,0.0044714336785992,0.00951280755987955,0.00918839835364769,0.00580105485927598,0.000826237856713855,0,0.000164301839382739,0.000778337204144978,0.000979827383044862,0,0,0,0.000169088747901558,0.000120711315680615,0.000392635590619819,0,0,0,0,0.000161272925828355,0.00213694224190111,0.0225183143598405,0.000207556791928421,0,3.92201044184439e-05,0,0.000922926137117742,0.00605010358873852,0.00204700458485588,0.00299558056867425,6.39320840299358e-05,6.40019532683906e-05,0.0173236693229577,0.000905426667758349,0.000413552953998309,0.000522920855641789,0,0,9.0885743778287e-05,0.000503378307922041,0.0227730969227063
0.0727071568819598,0.291474629036225,0.00451827041879274,0.944750573952581,0.000583598355850725,0.045808295319984,0.432241293450664,0.106137497189166,4.71266279238212,0.211147296630252,0.00296922974111989,0.212037801836581,0.00521408097604025,0.0411129572654551,0.0268200895122384,1.15740565328289,0.00852192234936649,0.000396216395852217,0.00271471248627308,0.861426225429314,0.0765472745998418,2.179600245324,0.0283173978399664,0,0.0470705113747504,0.00297899273329794,0.405133679708524,1.26199363679202,0.143467425769548,0.0896651415232493,0.000578074779858606,0.000582930158625781,0.0347841347941095,0.0562766806003806,0.0122583695608312,0.261915644253866,0.134302459845547,0.217751505490819,0.0666928013395246,0.316321402122594,0.0393342381657467,0.000799361357857152,0.124631311597291,0.0210370776394019,0.116470200664942,0.0222663442719675,0.33760258817617,0.0668949050241989,0.000309774659631826,0.123115685243232,0.00515790940837779,0.00307667250993368,0.0409378568259427,0.000215640324517346,0.0206986071153371,0.126519176874141,0.0625134283534487,0.37383992758354,0.0321313944282352,0.00410723528490643,0.0364280387938967,0.000940123922462271,0.0198389274826866,0.0198475721069548,0.181870143810029,0.00332123748430584,0.000321614451493992,0.00170500942533026,0.0368102770154533,0.0498174093028584,0.0823515895794084,0.0135078721381459,0.9011523142014,0.000800167612255973,0.00176768962424798,0.0335512179153117,0.251958488519104,0.115054626449441,0.0972223228135897,0,0.000167722068951586,0.00832548510517816,0.0576649731935903,0.0112140742677585
0.000725555631441235,2.55336129050059,0,0,0,0,0,0.000223591486942926,0.245585808401589,0,1.98582602708576,0.000822013854009632,7.76782546583995,0,0,0.00359794344888148,0,0.0200027847336248,0.0106905559908535,0,0,0.771040015284493,0,0.0470705113747504,0,0.187680443392421,0.420564984070891,0.00081271237557253,0.00110673025345885,4.48668704593437e-05,0.688086704557882,0.000987378030736502,0.000168512484754135,0.0129968006068309,1.82803444711891e-05,0.0487445961362439,0.0424009266484607,0.0707981787825371,0.0148577864011509,0.00478045642485747,0.00860343670975699,0.661808138307353,0.10052929531716,0.0343555763650585,0.0633184665510751,0.00902275455670907,0.00367155829470205,0.000883980718351359,0.0509394552099891,0,0.0615831887340342,0,0,0,4.47008054681756e-05,0.000136329600882007,0.000536799589081045,0.0082878372737008,0.000138514037809883,0.0188260956410129,0.000658791884225209,0.166999870154117,6.77849840959102e-05,0,0.00357007405832564,0.000651424770090128,0.00494981110176241,0.00187426969654583,0,0.000194629887046875,0.0127864468174562,0,0.00156909675679262,0.323434942053493,0.0351994295943559,0.104280780164234,4.22113261523967e-05,0.000220874888662649,0.000201092440719756,0.00545449255255989,0,0,0.00447486509765937,7.09506550416165e-05
0.0139511218086506,0.0404960483379608,0.879264762933053,0,0.000261536627122371,0.00190369944081239,0.0140699101098275,0.0207000927136296,0.00490926985220907,0.00102897932696082,1.12664697887104,0.000370934571163402,0.130194462671008,0.0144415086972735,0.000131919113283609,0.00111305814501124,0.670416864262899,0.541583354887069,1.06227635088404,0,0.0178311872646626,0.00922324714123192,0.0435801296501701,0.00297899273329794,0.187680443392421,0,1.4594321634071,0.00477293743556719,0.0112232711974374,0.0111686464110058,0.325724414292212,0.00214112165899142,0,0.17500582677654,0.00162554541216691,0.0907768390947161,0.853252459087314,0.471516305291039,0.0547620858507589,0.00766158001950897,0.0046974700580498,0.0373744749235077,0.015126512432171,0.0256962678411045,0.0710950954924774,0.0120443438029863,0.00174158855981192,0.000436707846444739,0.000237467623835023,0,0.00422277723049406,0.00017367168437503,0,0,5.04359887906203e-05,0.000173694774025356,3.38493383828513e-05,0.00185481621294252,5.65688485517388e-05,0.00877330078720442,3.84366097953576e-05,0.00721347656026741,3.59964713980551e-05,0,0.000416528430812621,0.00302681589477678,0.00297454839431597,0.00609640746236637,0,0.000195935817458522,0.00294714345647522,0.000406515956908734,0.00141240573889857,0.0259182659945052,0.0424312496600125,0.152818364607379,0.000155940278954883,0.000125592271834165,0.000383746415903491,0.00105258481995297,0,0,0.00472214654507197,0.00141747407039498
0.0306706956080611,0.747915340438578,0.707290787068925,0.000426691626271973,0.000198420538604055,0.00412878688828708,0.0315316278640318,0.0382074986899137,0.191548447946662,0.00291829709360082,0.162399066579655,0.00127589329668608,0.511667754968712,0.022786859285184,0.0084058745754793,1.06641281196404,0.739604213328652,0.111194387102502,0.40966902956572,0.00025709735764643,0.207194045286955,0.463363219697861,1.42794947080388,0.405133679708524,0.420564984070891,1.4594321634071,0,0.125070388313128,0.0342165108310283,0.0315158715766663,0.163605938881081,0.00306522357304238,0.00141257887277585,0.724615819422126,0.0607709907920154,0.681394605104669,1.43098603603749,2.02611638818721,0.542325904932098,0.147803493058536,0.0202134695305093,0.00579772663380415,0.0954408144116083,0.115748991154845,0.254154830480341,0.0893351267102619,0.022841902511256,0.00286087107086042,0.000546770970649087,0.00079858569241071,0.0736822177452267,0.0349034535526903,3.58889733005413e-05,0,0.000681915451886,0.00543110137712747,0.00246586344440221,0.0181667479633581,0.000501742618217541,0.0133150783626897,0.00100875062903325,0.00858163179863751,0.00142689979711704,0.00635262125616558,0.118698261412544,0.0219801542702972,0.00497269459992293,0.0189284596578404,0.000181044862953413,0.0102216578955534,0.0817819757343998,0.0445282879366925,0.0232361968308815,0.0409737008804803,0.0651829764519612,0.922774113690953,0.00532708530805152,0.000783550381504013,0.0028752952997158,0.00097564564318925,0,2.47692629707058e-05,0.0337730568290761,0.0394816913642695
0.151187976921321,0.0017543507739434,0.0691277746399588,1.28103733919621,0.000328073175189262,0.21492829907685,3.15530204114545,0.243838036250149,0.204599816265065,0.904886950112868,0.00348165086290488,0.0543010734006092,0.000425936390548064,0.112168601170592,0.0276895128774079,0.145342620086049,0.028621813154093,0.000554640532900774,0.00652910360641689,0.295625298992257,1.24453232981026,0.00956895283973536,0.198756953326878,1.26199363679202,0.00081271237557253,0.00477293743556719,0.125070388313128,0,0.289648831314068,1.85767370580147,0,0.000595338210425309,0.0727635706829188,0.180672373834661,0.0189843816447368,0.265490999914027,0.100586351351335,0.536018473772678,0.135092035571595,0.273737251348134,0.0499438598864155,0.000647294695512045,0.0236419003240841,0.00403571789250915,0.0175716978835973,0.00584209622143241,0.0462284702596921,0.00937844987981742,0.000117417855697904,0.0225418797850827,0.000305248959075705,0.000281231633902714,0.00472119888543114,0,0.0029939814059565,0.0208491166775637,0.0117128277854094,0.0292075022539148,0.00349707442299062,0.000649266007896246,0.00211329507138952,3.83188938916671e-05,0.0041247901418848,0.00484073004686395,0.0231200424852097,0.000570711819953517,2.83914735696425e-05,0.000283757807448188,0.00375483656269116,0.00963151773557119,0.00596028438622089,0.00276593577242706,0.138453162970586,7.72356485149663e-05,0.000107166050248562,0.00459186435332719,0.0429974168693664,0.0235086541050604,0.0221955261497561,0,0,0.00223830027745357,0.0107668686514341,0.00962128665740633
0.802580580344926,0.00105233721548615,0.0116402898047018,0.0495103479485453,0.00291043037275345,0.120107191322119,0.189212533821008,0.652532697711895,0.0291828991990958,0.234838795221983,0.0892084384255315,0.071055926572855,0.000421247497397778,1.64237535235258,0.00496948760429769,0.0027324835017065,0.0768022448195551,0.0141401295490749,0.0311672154414823,0.0625397036029299,0.0393219287746168,0.00106447797034706,0.0335877347139382,0.143467425769548,0.00110673025345885,0.0112232711974374,0.0342165108310283,0.289648831314068,0,0.865149663012701,0.000805007597273862,0.0264958365279626,1.62564524218096,1.009121060435,0.00102558809893246,0.0350289435858418,0.0167061457675161,0.606473130169492,0.0198017565965524,0.217251816671321,0.196122250127951,0.000254455069800708,0.00948985809666325,0.00141443740795285,0.00662776755812502,0.00148162661041419,0.012945978466976,0.00216129655869651,0,0.00755875520197959,0.000101553575010167,0.000397273567451897,0.000223074663493054,0,0.000657035185642966,0.00621089489372316,0.00413804805332019,0.010669622055661,0.000177138994844634,0.000190134286463142,0.000145145281441469,0.00013564920298674,0.00155548006757009,0.0017170602639626,0.0016842309770456,0.000190229075061033,5.08870387884355e-05,0.000433635132619643,0,0.0015986693910914,0.00156916092844347,0.00110000905411263,0.0429546862804307,0.000446372961449784,0.000839237706326704,0.00412504109675989,0.0109316237256724,0.00852240201193704,0.00523177723427074,0,0,0.000698361377793097,0.00396552460797429,0.00083465984701498
