0,0.000260550320452949,0.0647472989758862,0.00159276108913774,0,0.00497982770524695,1.07047417702113,0.0875308538626653,0.00698932326489703,0.0159332990336664,0.00165426883056039,0,0.000120017772430506,1.66986812455829,0.00574813073757547,0.00104720624840939,0.120035859838813,0,0.0181808143881327,0.000737190510278009,0.0311714376965542,0.00141341243823751,0.053519508577631,0.0391778878576218,0.000118891220127995,0.0103086650851676,0.00405117771046885,0.0886438192865745,1.57722173967867,1.16110057149813,0,0.001009342712469,0.165021262122589,0.0654840227145291,0.000567747984181164,0.0528551773763281,0.0248549829654753,0.06668547841888,0.0227068001410683,0.0150153170948684,0.00308089068984552,0.000257636103252482,0.00318949975155436,0.000714669140329773,0.002102878701001,0.00147799651200578,0.00651980646907881,0.000983651680050903,0,0.00254470736137609,0,0,0.000705407648765116,0,0,0.00159428290941449,0.000903519030561351,0.00752917785525396,0.000160798258385664,0.000104568443962134,7.516035223404e-05,0,0.00093819135985391,0.00266842900934494,0.000476394719008887,0.000229627611295181,0,0.000115516675198144,0,0.000534978140839778,7.45108554876298e-05,0.00013449927466359,0.0202290719734332,0,0,0.000815860191419916,0.00839121795050554,0.00240733736177053,0.00167375873610928,0,0,0.000698016444922131,0.00159535820907476,0.000411185785619524
0.000260550320452949,0,0,0,0,0,0.000534412500939451,0.000708742254733808,0.370010899399057,0,0.00349757049517056,0.00265863486395882,0.379343403807523,0.000326370210172234,0.0103056943751416,0.0800381664972308,0.000722507574033884,0.000934852578661827,0.00155665598760092,0,0.000881794860989612,1.48114840033896,0.00064869788524399,0.176514956751065,2.00989131806475,0.00325479824629717,0.323252500646151,0.00571090301851962,0.000644655480199141,0.000784637613842908,0.0411252929747534,0,0.000778513375714779,0.000154935880197043,0.000126375732937799,0.00409167166214779,0.0073546089947431,0.00236703551575035,0.00454099340354663,0.0214537865922636,0.000408242374000611,0,0.000844139107709857,0.00592466581111449,0.00252915163023721,0.00460315103714465,0.000759631317418769,0,0,0.000146926558527515,0.81237686202264,0.00133100046451992,0,0,8.35865566963644e-05,0.000220367131080357,4.4847603555412e-05,0.00273767280916119,0,0.000807673665912726,0,0.00294435109116842,6.80407385583214e-05,0,0.00814977414477192,0.000946691715111205,0.000114235799827049,0.00104972336250365,0,6.90092494332615e-05,0.0532056375882752,0.000558653576062641,0.00349326428269977,0.015514081186557,0.00348916647991768,0.0563158738183486,0.000687140204816271,0.000200034232900747,0.000151623455464246,0.00560432118059968,0,0.000736455349302098,0.000231840946632656,0
0.0647472989758862,0,0,0.00067198156348495,0.00174221832130443,0.0118408488283484,0.118944267352157,0.126404736786323,0.00086058205551973,0.0133951516356344,0.00366210573688171,0.000361776500173978,0,0.0907928194799763,0.00946598792765444,0.00877612541059913,1.78970425331822,0.00156309864157726,0.0750388169176896,0.00132184165822364,0.555250635054039,0.000638128412566032,2.2898025157516,0.00667199001752192,0,1.10264694540024,1.49308509436447,0.0589339266115261,0.0196625185476049,0.147244369877071,0,0.000199814839186421,0.00549370917244612,0.0998661293163295,0.00832696418524021,0.216055778232436,1.03027523478661,0.471587889240189,0.275784276028863,0.0744458586624013,0.0108877973957528,0.00114355431026905,0.0140748992501831,0.0169568468823989,0.0193990388882003,0.0231175267174196,0.00665693915480933,0.00291415973028135,0,0.000755844280000409,0.00663449535182961,0.0510060094322272,0,0.000155666227318052,7.42579261307687e-05,0.000985531630742964,0.000847525327788224,0.00070546774215924,0.000327033058826325,0.000397393706811798,6.02192076107652e-05,5.36932831049649e-05,0.00154376191944433,0.000475634628507698,0.0105677265634307,0.0157743267315545,0.000618341298260695,0.00376841150988098,0,0.00181189723026447,0.00544606283561708,0.0124467715842034,0.0061368297883651,0,0.00639117604363308,0.16529222581917,0.00322683469774464,0.000477721943334509,0.000645315251852754,0,0,0.000524135377312347,0.00200290467325653,0.00564368866024176
0.00159276108913774,0,0.00067198156348495,0,0,0.0171971965566228,0.00864379954662245,0.0114008357975576,0.185388391564874,0.465080283538506,0.00671447111998122,0.630298238822039,0.000189266380283937,0.00701917891445959,0.00433575018960415,0,0.00164385535805764,0.00298415597532894,0.00662352725579116,23.7935241701009,0.000351437008323678,0,0.000631670639051396,0.746148602866424,0.000639194156378906,0.000755595035329092,0.00110921532762266,0.948655794247375,0.0165378444636525,0.000187111414634048,0.000861598468506308,0.00202772013535069,0.000489813238927571,0.0107296733726005,0.000297857629430222,0.0379265859601311,0.00434626686981535,0.0310466473875151,0.0083472073653113,0.104868745628358,0.0206262075129345,0.00115338209732616,0.00140364109562391,0.000379670996881493,0.000914879313011806,0.00017695756388569,0.00477465049893366,0.000310485699630547,0.000290397981828817,0,0,0,0.00438806693192951,0,0.00110276666782503,0.00336627603472693,0,0.00160156000183384,0.0029102724162882,0,0.0006039271391455,0,0.000374452568048633,0,0,0,0,0,0.00198785921274013,0,0,0,0.0173855347748589,0,0,5.2978030831612e-05,0.0109398697462013,0.001085065669347,0.000134709105043874,0,0.000313170372886491,0,0.000312235368657085,4.39552090544117e-05
0,0,0.00174221832130443,0,0,0.368159255809972,0.00010450215395939,0.00213232725575342,0.00681377910852936,0.000175628186454117,0.00061438879264603,0.00678862796356833,0,0,1.61852832136602,0.000400529016787166,0.000408872639529149,0.000608248955131854,0.00136130003116916,0.00140052463853418,0.000405608223896601,0,0.0013136553864973,0.00067525866853166,0,0.00042398504554115,0.00139519904179211,7.52430203638296e-05,0.00263011048857498,0,0,0.131464935623869,0.00055891554021293,0.0274002729395808,0.0641743181736023,0.00381706000303343,0.00419532435525915,0.00406979221439635,0.0120868781123378,1.68503259161731,4.01013165589484,0,0.000966749931204302,0.00152620935761529,0.00205769522409569,0.00740260018296012,0.00818253138764653,0.00217076054300885,0,0,0,0,0,0.0679086413929594,0,0.000549382920079812,0,0,0,0.00071172616131944,0,0,0.000121165780311537,0.14979072098714,0,0,0,0.000200320471112674,0,0.00146030753967719,0,0.00186067586510113,0.00138884466381779,0,0.000529970025585426,0.000418844208688366,0.000719066749283695,0,0,0,0,0,0,0.0317492639161774
0.00497982770524695,0,0.0118408488283484,0.0171971965566228,0.368159255809972,0,0.206474726612566,3.16716855396799,0.00114352190285689,2.8535036753102,0.100349360139985,0.473483760858405,0.00663381437362731,0.111362211265978,0.224738304290638,0.000491197834962408,0.00653629543361422,0.0234166428624802,0.0497320465405136,0.0619771734206173,0.0110258110292851,0,0.00619513522315906,0.0112704802124548,0.00193115995556359,0.015249952631519,0.00800025483798681,0.0351288743844877,0.287792366253158,0.00679180088145491,0.0035092669378398,1.3133400593525,0.00251201400679902,0.124359402970391,0.00134518060516988,0.0579247071285142,0.0217635445165157,0.236967007582576,0.0239574916893997,1.08786164157717,0.131730803410468,0.00321519870617413,0.00306949881690078,0.000335840376748062,0.00139822080733263,0.000676461391492581,0.00173573753978854,0.000212859862188655,0,0.0010223432043658,0,0.00037236119118887,0,0,0.000477167317399996,0.00334066754937487,0.000432743161362869,0.00128408812160568,0.000762492293465752,0.000147387533365278,0,0.000528813451195886,0.000658721492528421,0.000275612597790621,0.000109237422247832,5.26786877328581e-05,0,0.000150323521994378,0,0,0,9.02519255377844e-05,0.00851429532087896,0.000292790959608685,0.000105550208921485,0.00237238721311187,0.0058371202795925,0.00162698252828551,0.000462683499473739,0,0,7.44396191207945e-05,0.000609404478533637,0.000424705312479229
1.07047417702113,0.000534412500939451,0.118944267352157,0.00864379954662245,0.00010450215395939,0.206474726612566,0,0.886240536825624,0.032568292049533,0.78532474678167,0.00912189195146111,0.00878328180508988,0.00102001395135904,1.10083772787633,0.0123984148717143,0.00801106792805411,0.0426165368431774,0.0038957545819362,0.0159848355559288,0.00398874416078709,0.138947575697625,0.00218218683828455,0.0651988072725019,0.243274992252028,0.000507829748132317,0.0250426068852788,0.021254674816908,3.14889023696776,0.219798892168593,1.23643828924516,0.000366655873416656,0.00198410241908742,0.0409195732024095,0.0882415309706134,0.00833489943372774,0.220509702668377,0.0940945491851473,0.252210315161963,0.0923716849053687,0.134374861532542,0.0319626398515868,0.00247760726303744,0.0196229244695261,0.00253614623105409,0.0154989555340607,0.00406961862449887,0.0294953616442419,0.00581340190943144,0.000125943264892061,0.00532682425302888,0.000262657670885698,0.0025098729399937,0.00217639886258366,0.000408017617953928,0.00320071165062497,0.0323665426527342,0.00689029829341656,0.0275056762942524,0.00455853980812453,0.00172773941388518,0.000437196981852267,0,0.00663540510793018,0.00413626311557369,0.00130638575785322,0.000955260173379966,0.000392567974489895,0.000923327212419764,0.00348817464284987,0.000592614039098098,0.00203780730761842,0.00270260287327473,0.1297799145914,4.4523596873233e-05,0.000564915323560279,0.0108147130760319,0.0749880579467372,0.0256495160754176,0.00583588044029953,0,4.95835482150265e-05,0.00480560659612062,0.00982027051896628,0.00392099140908811
0.0875308538626653,0.000708742254733808,0.126404736786323,0.0114008357975576,0.00213232725575342,3.16716855396799,0.886240536825624,0,0.00645898547941269,0.455920272289479,0.0504420266196636,0.0554465500295989,0.00453379967076244,1.64619996034358,0.0458123509983518,0.0013710390787918,0.0815548533242584,0.010849359691471,0.0321841523390143,0.0227761144271801,0.090790629562777,0.00118421124183467,0.090509119443921,0.0597161501092911,0.00115029260811669,0.0214437840199208,0.0105934701769285,0.149548973967608,0.381152930546132,0.288732692896467,0.00121741810103572,0.73467560439537,0.00982302338796646,0.106230101226824,0.00205617867465643,0.0511175370735329,0.0384602447539745,0.157101506937935,0.0411844728250776,0.378822516833364,0.108319251705578,0.00214308868132709,0.00486228535601967,0.000764981979735535,0.00430863977386134,0.00193456844540829,0.00713589931687746,0.00123686696108557,0,0.00214055804787107,0,0.00035074509300251,0.000183480555645599,0,0.000164141404254893,0.00735043361235909,0.00182070954067438,0.00664963088728711,0.000779026413065549,0.000604772934583985,0,0,0.00228046008848416,0.000823526114476582,0.000805870731968834,0.000252058377947274,0.000132180796080748,0.000276614495113283,0.000611839089164914,0.000265455106742005,0.000504313770874937,0.000893052598049043,0.0281905393686524,0,0.000199068506137963,0.00281788980598848,0.0162190240403838,0.00608298521415949,0.00158199460279505,0.000183297229985526,0,0.00184034203775796,0.0025168249444054,0.00128135156089341
0.00698932326489703,0.370010899399057,0.00086058205551973,0.185388391564874,0.00681377910852936,0.00114352190285689,0.032568292049533,0.00645898547941269,0,0.0147941005715991,0.00162203072242318,0.829596355802114,0.137124042355467,0.00427031535409478,0.747449181013242,0.0065008473798916,0.000574181233061952,0,0.00193414707101443,0.816065642373534,0.000105472418888464,1.6386249128274,0.000517200018400165,4.44780450931883,0.335958959131265,0.000504622012283419,0.154389485792747,0.118416044266883,0.0125992548403897,0.00807576211689831,0.0152873224375639,0.000559970763206151,0.00994460959902265,0.00761406789465729,0.00076389391673079,0.0368394663580244,0.00765217368832063,0.0204797296633467,0.0112715618858307,0.862949118660971,0.00607739424451747,0.000521792439034004,0.0129262128360747,0.00270523123244202,0.0116490371300072,0.0017311135610027,0.0258395882318697,0.00329524244501431,0,0.00843526161454736,0.013954807395939,0.000861265636369606,0.0115844767592799,0,0.00799465551682885,0.0275119979523629,0.00503776992352661,0.881881635814402,0.0124300090281616,0.00243843339658811,0.00261754115612547,0.000699437249205514,0.0052208881291497,0.00707852117297639,0.0392151919375819,0.00102994003571865,0.000480531316261249,0.000515331924918552,0.0448409037529202,0.00118250494080046,0.0800315304622115,0.000699016083283086,0.333612663227152,0.00255524268902026,0.00117179384828169,0.00649997641976742,0.101929354160852,0.0161764610570415,0.0044635017364214,0,0,0.00553817656480385,0.00661155311211486,0.000309507108552605
0.0159332990336664,0,0.0133951516356344,0.465080283538506,0.000175628186454117,2.8535036753102,0.78532474678167,0.455920272289479,0.0147941005715991,0,0.0382806842656732,1.15239206252257,0.00171051596592768,0.166051038152229,0.0169183410583326,0.000845847222975704,0.00808379981249273,0.0105607685424321,0.0402217432397116,3.09199321890537,0.0137535891740374,0.000251255425922959,0.0104203754717682,0.11074719312284,0.00030183232498418,0.0081134781667503,0.00827921024656546,1.22420721643441,0.256211638742574,0.0116367274488394,0.00150079286684924,0.00277642391608246,0.00622979509183825,0.127690424408739,0.004451563739294,0.150536155752634,0.0359248767535674,0.270126140436993,0.0507544381993918,0.28965558791045,0.0967060648096297,0.00355947811722326,0.00742309254564609,0.00156075056757508,0.00300193526739452,0.000699899179736931,0.00805931198683271,0.000573371356536803,0,0.00194616142627745,0,0.000137658751503057,0.00120465781443224,0.000481931409983011,0.00195790806666231,0.0148453638691029,0.00253338002222638,0.00392060047786747,0.00130412431101421,0.000224499994441423,0.000145472633130209,0,0.00175676745619948,0.000561285869573452,0.000181760159106084,9.70708926574556e-05,0,0.000534741458548572,0.00153743874122967,0.000440310058258154,0.000139744260426766,0.000483227720581966,0.0362749498336729,5.14509468253748e-05,0.000318311417119325,0.00180728466867948,0.0289524754122272,0.00593023298377769,0.00144019484748128,6.07748336633024e-05,0,0.00073104793502869,0.00213651202697721,0.000957027364197203
0.00165426883056039,0.00349757049517056,0.00366210573688171,0.00671447111998122,0.00061438879264603,0.100349360139985,0.00912189195146111,0.0504420266196636,0.00162203072242318,0.0382806842656732,0,0.0546738246537022,0.980665913595034,0.0347025860980662,0.0074788295902842,0.000630545676756072,0.0126406467474833,1.46053774447088,0.979377391055935,0.0201384694848993,0.00511123017698242,7.0965404081615e-05,0.0097510935272774,0.00272599266984272,0.560058466720011,0.227271772653104,0.0256345977627415,0.00540768462131674,0.114986370670829,0.00369147906905446,0.131249996528547,0.0352767951323819,0.000888029497576278,1.55303650967688,0.004800065600113,0.129486903420976,0.693873642608634,1.00063941446133,0.0568521389348211,0.0859724719467289,0.0305541070743487,1.00255092959527,0.00437916049030564,0.0233681515559057,0.00289609713157916,0.00311097989845694,0.00074339017979117,0.000210552183589406,0.00114586227161248,0,0.00167865775890656,0,0,0.000182585254394584,8.53430408312445e-05,0.000312597322904373,0,0.000528696287856042,0,0.0690075194677743,6.63050604721412e-05,0.0953467539744084,2.83250351288216e-05,0.000382091688169344,0.000229331003736741,0,0.00050717947822611,0.000424589189239846,0,0.000281388041943765,0.000797637044465019,5.90003872604277e-05,0.001221444595911,0.0738073714827854,0.0279110946243928,0.0244743991605628,0.000665516095466079,0.000306547868354125,0.000184682778222112,0.0718177061762402,0,0,0.000774890184741342,0.0013930521011419
0,0.00265863486395882,0.000361776500173978,0.630298238822039,0.00678862796356833,0.473483760858405,0.00878328180508988,0.0554465500295989,0.829596355802114,1.15239206252257,0.0546738246537022,0,0.00388302682530864,0.0300903317415471,1.1574690911887,0.000338523996425144,0.00182819752855546,0.016036128133836,0.0343498584266856,6.50277541802572,0.000961481192062131,0.00278308038677381,0.000522627424332635,0.151772476595912,0.00417014094944158,0.00762040843765399,0.00521796226712934,0.0569268696291946,0.0695934439815668,0.000400875888511339,0.00347971823927123,0.00784863389403122,0,0.0486231605314737,0.00170505950709393,0.0457628278328853,0.00967658648106653,0.139922200256317,0.00942600369825302,1.32496098925161,0.0574478055308461,0.00130663098483713,0.000455726483034688,0.000467063583731965,0,0.000377559979015745,0.000185159699716882,0.000281049741054962,0,0.000539690795214013,0,0,0.000199581066521071,0,0.000302920426643628,0.000443884060413958,0.000634919158294199,0.00132314836889975,0.000333998907087532,0.00010784056500842,0.104640614284924,0,8.90634311196104e-05,0,0,0,0,0,0.00094722451336221,4.35771564160289e-05,0,0,0.00417819567202335,4.91380809090024e-05,0.000292961586644655,0.000375604894883245,0.00285416113326928,0.000361947174309615,0,0,0,0,0.000453605089687941,0.000152354445819526
0.000120017772430506,0.379343403807523,0,0.000189266380283937,0,0.00663381437362731,0.00102001395135904,0.00453379967076244,0.137124042355467,0.00171051596592768,0.980665913595034,0.00388302682530864,0,0.00147449891619016,0.00199397508183999,0.00629953607970529,0.000318285433731323,0.00200494969617271,0.00290979114120968,0.00148684418533164,0.000274142386057382,0.127217245060003,0.000207915800629478,0.0455306475809845,3.50322519496075,0.0392856709166168,0.205336533156354,0.00169430082300005,0.00771064141307353,0.000225481652751165,0.8550249798454,0.00300675117329487,0.000158335789252121,0.749632994562543,0.000347189581281538,0.0882648044023748,0.220802800730587,0.12919029865842,0.00849440885368866,0.017423966594763,0.106112825865,1.66707806363277,0.00974305069530902,0.0662736856511818,0.015423233269107,0.00516692787060447,0.00158806694284725,0.00212933726452834,0.00399487811330704,0.000563094595374278,0.0232674712677273,0,0,0,0,0.000158102869432804,7.13608024667696e-05,0.000767925389054408,0.00015788551777611,0.150488752621891,9.17413418002333e-05,0.296014691541922,0.000158746716421474,0,0.000406646932919312,0.000383463276941,0.000834827342543606,0.00206972713582239,0,0.000478410505253705,0.00247748881257481,0,0.00177741728353698,0.243175942928335,0.0915247652692856,0.109128736430543,0.000224149159835456,0.000371752842161167,0,0.20783383067853,7.92182755782024e-05,0,0.00236458644820861,7.20108823241744e-05
1.66986812455829,0.000326370210172234,0.0907928194799763,0.00701917891445959,0,0.111362211265978,1.10083772787633,1.64619996034358,0.00427031535409478,0.166051038152229,0.0347025860980662,0.0300903317415471,0.00147449891619016,0,0.00474931229034244,0.000883269214454884,0.0964568779306661,0.00622927405790669,0.0284473395706625,0.0138841045208516,0.0603530723454102,0.00101731785226418,0.0831190491401176,0.052998083237444,0.000735070338743404,0.0211584376637483,0.0099773182392629,0.129532940654974,1.16730881091657,0.632523215531498,0.000931768943138862,0.170903851154574,0.0127785004023712,0.0711276376581123,0.00157939499861898,0.044456086466132,0.0249809715768873,0.104596688869141,0.020714130424143,0.060807229235069,0.0148311603895374,0.000803556494072918,0.00457446905484465,0.000623967206535456,0.00304595270521755,0.00171848147887169,0.00366005579925903,0.000754667779262336,0,0.00137402240118275,0.000101326453793476,0.000511988055576724,0,0,0.00024480664039441,0.00318576332297335,0.00123899078871671,0.00496442449234381,0.000180504675138004,0.000489764684761815,0.000100429087846884,0,0.0013770224710206,0.000468916102078143,0.00084525785322494,3.97906243835042e-05,0,0.000249931425594135,0.000578503021102033,0.000349079005000519,0.000602297909028965,0.000598769760242382,0.0248643651527651,4.65595566253633e-05,0.000174782700675977,0.00180300672214867,0.0113533299433019,0.00506111244721817,0.00181844344522694,0,0,0.000972193136068895,0.00116070581180571,0.000586386320878412
0.00574813073757547,0.0103056943751416,0.00946598792765444,0.00433575018960415,1.61852832136602,0.224738304290638,0.0123984148717143,0.0458123509983518,0.747449181013242,0.0169183410583326,0.0074788295902842,1.1574690911887,0.00199397508183999,0.00474931229034244,0,0.0146453604936748,0.0054093836223934,0.00346253071703491,0.00753722540848053,0.0897022620782093,0.0160657172293598,0.00926477690997911,0.0358223712087525,0.0531550726159142,0.00368040649088847,0.00538731368305467,0.0141819046478356,0.028545971586206,0.0195654995307164,0.0102498233209744,0.00179524379602992,0.0177024390665213,0.00468725753348899,0.0181156024777724,0.113210979884452,0.145200577041,0.0963350229960545,0.0472583220034306,0.0802612628350345,7.48712649358215,0.10617878860664,0.00620967290011987,0.0123777968913272,0.0212172749619435,0.0193433993338147,0.0787460730211901,0.0586124582703861,0.0139291751801441,0,0.000298359069818973,0.00035082781228768,0.00280731111540825,0,0.0360637280871504,0,0.000951587411556134,8.02672507689648e-05,0.00357684912067932,0.000541819918038967,0.000482281830069667,0,0,0.0010958927947066,0.149013324836817,0.00536258376241054,0.00135887760714413,0.00193251771061559,0.00241444701961969,0,0.00548036997648218,0.000199167540364763,0.00841839747706954,0.00914533965781519,0.000592065994921433,0.00167576414512895,0.00536559698277456,0.00620739447623679,0.000846283651221294,0.000334615727862346,0,0,0.00125946091131805,0.00120039526294258,0.0603388232933284
0.00104720624840939,0.0800381664972308,0.00877612541059913,0,0.000400529016787166,0.000491197834962408,0.00801106792805411,0.0013710390787918,0.0065008473798916,0.000845847222975704,0.000630545676756072,0.000338523996425144,0.00629953607970529,0.000883269214454884,0.0146453604936748,0,0.0290395136876617,0.000674532481246397,0.01022712978886,0,1.17513045716282,0.743264904624159,1.63993334104457,1.07909128308467,0.0191777985554023,0.00550978281438387,0.660078913909236,0.31663542069258,0.00278779955236912,0.0100587262932967,0.0004840160184029,0,0.00166100552152394,0.0341744675346254,0.0118853100236475,0.545937309892735,1.8211076297787,0.208978267356024,0.192210762940335,0.162114703765832,0.0417913788984817,0.00169503693331073,0.0585609122646309,0.0546358320849803,0.0288446463973268,0.0449876579373981,0.0235184059378129,0.00829726492926678,0,0.00170282691731029,0.0258835877978201,0.00720524306665627,0,0,0.00025896989552256,0.00401081134567868,0.00160126842125142,0.00927619881187253,0.000175944258105008,0.00106564098878132,0,0.000282056327080151,0.00158548578206461,0.00478170962479432,2.62673495554741,0.00554409719108213,0.000179468171016672,0.00190762818025244,0,0.0278674339495547,0.299898116451791,0.209800560211456,0.164275999361338,0.00180821876354825,0.00120005137994523,0.159343663689334,0.0306328496299301,0.00256151727487991,0.00569806838972186,0.000106023850223009,0,0.000691971547453124,0.0034445444652093,0.00766847855342836
0.120035859838813,0.000722507574033884,1.78970425331822,0.00164385535805764,0.000408872639529149,0.00653629543361422,0.0426165368431774,0.0815548533242584,0.000574181233061952,0.00808379981249273,0.0126406467474833,0.00182819752855546,0.000318285433731323,0.0964568779306661,0.0054093836223934,0.0290395136876617,0,0.00392898050401602,1.27703230172795,0.000564101074813656,0.319830386551736,0.000868814821830211,1.66146735088697,0.0108935261777485,0,0.488955921905755,0.638904722666203,0.076092322701196,0.0818140025367108,0.356847685277109,0,0.00110339137192136,0.0320503826373752,0.445471970538661,0.0066694311112599,0.255997503199663,0.872238792693136,0.619626907736907,0.193066121083584,0.0694802264638389,0.0136005829984951,0,0.0114317517519372,0.0139533123066663,0.00840132064736912,0.0106834882984211,0.00238029865478002,0.00102809421997328,0,0.00068774921818596,0.010096606977428,0.0148429966440264,0,0,0.000293904709455672,0.000808375557839083,0.000356439706761971,0.000346304468520631,0.000527252132337917,0.000661675073433364,0,0,0.000219744333639908,0.0039464417447962,0.00591896141319868,0.00947745743540559,0.000497213211688718,0.00360770633987497,0,0.00097855006973042,0.00227289620581397,0.00300933851873642,0.00554937835924866,0.00168448078378498,0.00579708978143375,0.0937912031262479,0.0027007754979777,0.000291009526244493,0.000451812938489443,0.000163358773786615,0,0.000499001587968466,0.000721322477616193,0.0034092788184365
0,0.000934852578661827,0.00156309864157726,0.00298415597532894,0.000608248955131854,0.0234166428624802,0.0038957545819362,0.010849359691471,0,0.0105607685424321,1.46053774447088,0.016036128133836,0.00200494969617271,0.00622927405790669,0.00346253071703491,0.000674532481246397,0.00392898050401602,0,2.42110873679285,0.0124070592913601,0.00227962700508005,0.00017284767239623,0.00640341542749525,0.000761898030365103,0.000202668543008282,0.157863540057093,0.0111842986587267,0.00132603423877951,0.0180685311461561,0.000739187275712202,0.0076769603144118,0.00437382375007006,0.00106726958100706,0.125686229517491,0.00414561628653536,0.123999020889312,0.434757979895651,0.551401679692946,0.138053347907451,0.037276078731336,0.0147410622839089,0.00186365507598053,0.00158823667517583,0.00410679065653985,0.00256144198780335,0.00144323219541189,0.000175369362996549,0,0,0,0.00146759224610843,0.000181490792554362,0,0,0,0.000133186072707203,0,0.000125121995461584,0,0.000343945704828911,0,0.00244596330234517,3.67717516302135e-05,0.000870952971444232,0,0,0.00123397020522048,0,0,0.000452586481115985,0.000874789987250983,0,0.000498417976723359,0.000443320893242626,0.00383890649171389,0.00460846349445076,0.000406998420693487,0,0,0,0,0,0,0.00221389044793412
0.0181808143881327,0.00155665598760092,0.0750388169176896,0.00662352725579116,0.00136130003116916,0.0497320465405136,0.0159848355559288,0.0321841523390143,0.00193414707101443,0.0402217432397116,0.979377391055935,0.0343498584266856,0.00290979114120968,0.0284473395706625,0.00753722540848053,0.01022712978886,1.27703230172795,2.42110873679285,0,0.0155172149592154,0.0406208976780722,0.00198178530734774,0.0631695027574759,0.00581519074248986,0.00113095085436399,0.685874087765361,0.291348615842013,0.0152232026734804,0.0504892887375027,0.0217859063421914,0.00260998066390959,0.00695544786573385,0.0040811679156988,0.590097085546051,0.0107843931001629,0.272829497864287,0.577925266795898,1.40588675782563,0.303807734936709,0.0904181879286359,0.0570649502944843,0.00128536428186599,0.00475906344668422,0.0107837589313857,0.0057874444411024,0.00837276710148646,0.00138876719745313,0.00180560464074262,0.000152295377490813,0.000456725734997443,0.00959540834296343,0.00242436510341673,0,0.000719735864223886,7.2576610261187e-05,0.0003812443342541,0.000115471548120021,0.000899699468958289,0,0.000150746522110185,0,0.000210203720358344,0.000206823108942983,0,0.00239169576294962,0.00266028981927435,0.000340599298459428,0.00222941395083976,0,0.000345306329923419,0.00135658375642069,0.00131636250696302,0.00273685404264228,0.00235431552070057,0.00863437354496719,0.0375464970336255,0.001095484454679,0.000414084012604742,0.000973325515480633,0.000819824670770505,0,0.00060379819195958,0.000215692843077278,0.00401666693483819
0.000737190510278009,0,0.00132184165822364,23.7935241701009,0.00140052463853418,0.0619771734206173,0.00398874416078709,0.0227761144271801,0.816065642373534,3.09199321890537,0.0201384694848993,6.50277541802572,0.00148684418533164,0.0138841045208516,0.0897022620782093,0,0.000564101074813656,0.0124070592913601,0.0155172149592154,0,0.000158151975837482,0.000339769492558761,0.000112776920629878,1.33744130922515,0,0.00256585906997232,0.00154484948195965,0.266086304904368,0.0265874045169376,0.000167316446434654,0.00360879580127977,0.00519118299942281,0,0.019889366169089,0.000254840618264842,0.091627400130993,0.00531978341271818,0.0937900815616198,0.0214134286034536,0.572958005751428,0.0662451268249424,0.00105591549688949,0.00179587403427273,0,0.000317607001380856,0.000518829143019338,0.00405536386304569,0,0,0.000239678786084982,0.000267858567152522,0,0.00666366509064346,0,0.00253368137424461,0.00550469892457875,0.00102715261763082,0.00533610214628982,0.00408552802568031,0.000154128884929361,0.00200464209580798,0,0.00022962634505308,0,0,0,0,0,0.0115835436889143,0,0.000382576939683597,0,0.0448619952963722,0,0.000106415143029415,0.000170925608595312,0.0183263281211704,0.00169758131955732,0,0,0,0,0.00172222903816381,0.000122464932695092
0.0311714376965542,0.000881794860989612,0.555250635054039,0.000351437008323678,0.000405608223896601,0.0110258110292851,0.138947575697625,0.090790629562777,0.000105472418888464,0.0137535891740374,0.00511123017698242,0.000961481192062131,0.000274142386057382,0.0603530723454102,0.0160657172293598,1.17513045716282,0.319830386551736,0.00227962700508005,0.0406208976780722,0.000158151975837482,0,0.000708973280435968,3.48179144645776,0.0223828800112197,0.000181088055154545,0.0357426746591771,0.106370210858641,0.717627175338946,0.0275540166400132,1.95965319489861,0.000300960798426533,4.6900871680855e-05,0.011320966034058,0.561752520899787,0.0327044405730348,0.751466571501375,0.532970447042259,1.23399743915093,0.443705559886489,0.29086379753271,0.0409381739891221,0.00184906238584433,0.012923629616054,0.00376250407973808,0.00385135673188458,0.0119097618098469,0.00908268209633841,0.000659989813717086,0,0.00099245305408134,0.000404400171972984,0.00306749132974241,0,0.00170760996438853,8.39412288950684e-05,0.000778622188791309,0.000643956985346075,0.000930400940832501,0.00023414513905469,0.000726277591165175,0,0,0.000608606216276077,0.0104470809854415,0.0385309745970683,0.000576179100225133,0.00014783480072608,0.000317648006643087,0,0.00527666225069574,0.00494441994665418,0.00586909004984376,0.0265228344027484,0,0.000421469486631311,0.0205235155537043,0.00792859765389285,0.00112132694168171,0.00140088222058285,0,0,0.000881474286008247,0.00106350183911682,0.0176125131471819
0.00141341243823751,1.48114840033896,0.000638128412566032,0,0,0,0.00218218683828455,0.00118421124183467,1.6386249128274,0.000251255425922959,7.0965404081615e-05,0.00278308038677381,0.127217245060003,0.00101731785226418,0.00926477690997911,0.743264904624159,0.000868814821830211,0.00017284767239623,0.00198178530734774,0.000339769492558761,0.000708973280435968,0,0.00247686392431489,1.1971570024256,0.367554698595737,0.00163090450604756,0.445905117175885,0.0225066627639713,0.00344604887627288,0.00293351056403593,0.0109359946852164,0,0.00272141859682636,0.0020609987968,0.000255813741737663,0.0129610165579138,0.00855494047741186,0.00885282315727236,0.00270750532271852,0.0230492781999981,0.000502907647409373,0.000281562383534963,0.00622406222268289,0.00489036520249329,0.00568182329003758,0.00272378352149319,0.00334269831787658,0.00159189146073745,0,0.00106987028641378,0.0156121364800532,0.000612233795906414,0,0,8.64902027521985e-05,0.000853954330859533,0.000392217456656217,0.0572283874120128,7.35643471070965e-05,8.16499649371237e-05,0,0.00098948424138899,0.000749389677482701,0,0.133019045931073,0.00066708683618822,0,0.00140008870675194,0,0.00213271133196687,0.171497036199955,0.00309816565611473,0.0610614253643549,0.000969821933549907,0.00120757264970972,0.023275639558219,0.00985720777165618,0.000802706104867797,0.0010789901743367,0.000347542146076296,0,0.0013671456016499,0.00147203950642386,0.000125715257837434
0.053519508577631,0.00064869788524399,2.2898025157516,0.000631670639051396,0.0013136553864973,0.00619513522315906,0.0651988072725019,0.090509119443921,0.000517200018400165,0.0104203754717682,0.0097510935272774,0.000522627424332635,0.000207915800629478,0.0831190491401176,0.0358223712087525,1.63993334104457,1.66146735088697,0.00640341542749525,0.0631695027574759,0.000112776920629878,3.48179144645776,0.00247686392431489,0,0.0357713259004601,0.000296011579397998,0.163125165090694,0.883065750819916,0.230195824144378,0.0420187466510009,0.452595595099394,0.000310443531612899,0.000126722098357031,0.00999207050649744,0.426870376644055,0.0644584962120587,1.12700383594158,2.6623652356477,1.64647368038857,0.963078733139971,0.487125295325677,0.084450843379128,0.00257751670157544,0.0324152433126725,0.0203648225024063,0.0164392151165781,0.0282258850121928,0.0180742744657798,0.00182593179199857,0.000513031091161865,0.000530246366151107,0.00158015154722854,0.0112217231054884,0,0.000318789290339233,0.00026676849784076,0.00238534859145441,0.00110483763528149,0.00108521949542351,0,0.00113786973371566,0.00031054251764798,0.000111645264736529,0.000757045780987881,0.0138031444580533,0.190185739461879,0.00192998008062002,0.000431131291243628,0.000436431202735355,0,0.0062867416106114,0.0129326063400178,0.0623372193834591,0.0191304490291922,0.000127325306698295,0.00103412060775178,0.130426367923573,0.00737717872225692,0.000935792812302697,0.00133301260886546,0,0,0.000351166344540049,0.000699685665335871,0.0349769090365062
0.0391778878576218,0.176514956751065,0.00667199001752192,0.746148602866424,0.00067525866853166,0.0112704802124548,0.243274992252028,0.0597161501092911,4.44780450931883,0.11074719312284,0.00272599266984272,0.151772476595912,0.0455306475809845,0.052998083237444,0.0531550726159142,1.07909128308467,0.0108935261777485,0.000761898030365103,0.00581519074248986,1.33744130922515,0.0223828800112197,1.1971570024256,0.0357713259004601,0,0.111288981165353,0.00390068611322156,0.24962187561842,2.49244006927032,0.10818748538863,0.0648819468546981,0.00183442329932525,0.000571508982972363,0.0343674810086855,0.0414603689309755,0.0087878188724475,0.421658613588002,0.0908546459707976,0.122047186944871,0.0442859308761312,0.403280443955321,0.0158529330852004,0.00256858741898337,0.104336289799265,0.0146572748188772,0.090948898964353,0.0243489701828824,0.158347534472159,0.0239930009737364,9.502080906493e-05,0.0547120782703078,0.00874118473200719,0.00539360211277011,0.0203882536698978,0.000312658848292496,0.0255753780323553,0.154286225325165,0.0475484260112501,0.34169986621603,0.0411388817922269,0.00845421227613687,0.00573742641641594,0.000944078341817439,0.0484747475487699,0.0220929384764892,0.271441580044913,0.00486452656740244,0.00232608043423088,0.00484888978654339,0.0437730776350752,0.0207456104220155,0.0913490924716585,0.0206289540593998,1.15716979717975,0.00123213401735354,0.00283283752552906,0.0322438328145957,0.452538447931243,0.147115019945063,0.053228850641455,0.000491928336237855,0.00060625601333493,0.0375260973044026,0.0633874940911643,0.00527414416511877
0.000118891220127995,2.00989131806475,0,0.000639194156378906,0,0.00193115995556359,0.000507829748132317,0.00115029260811669,0.335958959131265,0.00030183232498418,0.560058466720011,0.00417014094944158,3.50322519496075,0.000735070338743404,0.00368040649088847,0.0191777985554023,0,0.000202668543008282,0.00113095085436399,0,0.000181088055154545,0.367554698595737,0.000296011579397998,0.111288981165353,0,0.0216820572858751,0.527491537600091,0.0037322261839246,0.00221752239699554,0.000619575698881008,0.349113216085119,0,0.000457496880199408,0.135554621474718,0.000108047896423704,0.0599406585644191,0.192026980859379,0.0603713793481773,0.00116770254882803,0.0231863713082759,0,0.386722554115045,0.0228138237026727,0.0371967026999487,0.00926787108344881,0.00554579585023045,0.00192083508923133,0.000349127581273603,0.00214748981320767,0,0.158740132525452,0,0,0,0.000107000920185361,0.000310880282579347,7.96271653611237e-05,0.00235155837811551,0,0.135969281828399,0,0.249983288656971,0.000128647089018129,0.000747523543656805,0.00125906849933453,0.0014164034357441,0.000215052863305788,0.00156570971200029,0,0.000132909776128752,0.00200408100735159,0.000104044823503279,0.00126809500443211,0.725320252037228,0.0361735440505188,0.103459630585284,0.000280156947280372,0.000656962628167307,0.000114370183564895,0.155931883836829,0,0,8.53313911791187e-05,0.00018995747920345
0.0103086650851676,0.00325479824629717,1.10264694540024,0.000755595035329092,0.00042398504554115,0.015249952631519,0.0250426068852788,0.0214437840199208,0.000504622012283419,0.0081134781667503,0.227271772653104,0.00762040843765399,0.0392856709166168,0.0211584376637483,0.00538731368305467,0.00550978281438387,0.488955921905755,0.157863540057093,0.685874087765361,0.00256585906997232,0.0357426746591771,0.00163090450604756,0.163125165090694,0.00390068611322156,0.0216820572858751,0,1.77737149811446,0.0176545085839811,0.0177520450167329,0.026249932101699,0.105380760126349,0.0015976651743667,0.000457561755879601,0.0588038939858528,0.0135988523556823,0.362231969789619,1.53043172028782,0.358546519908642,0.089948862606517,0.0334479205344045,0.0137041016454372,0.00846895932273527,0.0388902672779062,0.113293148214726,0.0475025333841016,0.0240951797966249,0.00555098814651389,0.00310107415692552,0.00122189751512452,0.000113130144839881,0.0282621995394647,0.0143161113139891,0,0.000212621365137061,0.000661452332010111,0.000765875183570762,0.000179513593153413,0.00115201967046994,0.0004509389775529,0.00648829499850161,0.000176439354994508,0.0379326156275296,0.000304875391526777,0.0018906238240882,0.00148023404291492,0.0172430785711796,0.000581487628258151,0.0177174741966253,4.09214712738691e-05,0.000866056270513708,0.00267015332043812,0.00370292866541677,0.00208608845214254,0.0428172143246755,0.182787998844034,0.430653143174389,0.000976769277917492,0.000899511290955568,0.000673028312067634,0.0173112494191439,0,0,0.00379724955147436,0.00679251822570346
0.00405117771046885,0.323252500646151,1.49308509436447,0.00110921532762266,0.00139519904179211,0.00800025483798681,0.021254674816908,0.0105934701769285,0.154389485792747,0.00827921024656546,0.0256345977627415,0.00521796226712934,0.205336533156354,0.0099773182392629,0.0141819046478356,0.660078913909236,0.638904722666203,0.0111842986587267,0.291348615842013,0.00154484948195965,0.106370210858641,0.445905117175885,0.883065750819916,0.24962187561842,0.527491537600091,1.77737149811446,0,0.158081517258812,0.0121806861693238,0.0205638933988473,0.0278645383509125,0.000373887132223494,0.00156679740151681,0.171077538201832,0.0406392625301855,0.470659148766531,0.738902116054901,0.850980006868665,0.320133626801216,0.148108797300034,0.0331813167550137,0.00216352166243629,0.146576753749101,0.175294180806624,0.136127114532634,0.108994552319486,0.0312296564632917,0.0142083907768765,0.00199237884781839,0.0011127659014104,0.420957373974501,0.105806313877883,0.000230202218750527,0.000808913169710514,0.00174084260301196,0.0103617774564178,0.00375897948740468,0.00619601791253419,0.00137392975736263,0.011940094683685,0.000692130851484076,0.0610088660377125,0.00604833836660164,0.00651020844968626,0.211382819296563,0.0570108439575183,0.00344878915605049,0.0357662505242755,3.0235733588708e-05,0.016313151745938,0.133446782703332,0.15898698782327,0.0471943710126158,0.10497514698015,0.297198894913531,2.07546353970894,0.0204969621808032,0.00303405206113039,0.00506511266630615,0.0192797472533423,0.000300060488114108,0.000399148829121501,0.011796465613918,0.0254563680584852
