0,0.000528569506601847,0.0122773987226258,8.12635659021288e-05,0,0.00111278985669342,0.475275838350214,0.0594505322286474,0.00137378820680648,0.0044235843848106,0.000199343729246152,0,0,1.97806065810967,0.00221713034952412,0.000421447719919879,0.0789912408478944,0,0.0133300495219372,0.000217190797858915,0.00834511066733481,0.000618775632819386,0.0118545186840756,0.0200632002802378,0.000620921286734674,0.00564897399812418,0.00255980307141653,0.0277141118975485,3.06513726990887,0.718599232999953,0,0,0.0455520021875765,0.05475003970375,0.000309224263004274,0.0100576799682638,0.00121983859663552,0.029419176602204,0.00396896624094054,0.00488515359177669,0,0,0.000691923517924483,0.000608813959465453,0.000955188366806231,0,0.000381553265921411,0.000313151083230021,0,0.000311557506148004,0,5.81604930681846e-05,0.000368339552546667,0,0,0.00011616141786378,3.00299102293155e-05,0.00114310196242928,5.62477617500729e-05,0,0,0,0.000106565100389922,0.00176259139660693,0.000174451603673659,0,0,0,0,3.54048924557926e-05,0.000524912271617634,0,0.00572387424213917,0,0,0.000366878700914907,0.000522480290016799,0.000288656023449875,0.00014714432083398,0,0,0,0.00023897689684025,0.000193037041185184
0.000528569506601847,0,0.00731066865658453,0,0.000182590226941448,0.000103891440597583,0.000659969286468816,0.00126959999694058,0.427616880053957,0.000665005450869755,0.00236156387112959,0.000600388787203578,0.00265538265273773,0.00140400326976675,0.00247656335770811,0.132292426386712,0.0203213648877862,0.0115226762579704,0.0621891660783267,0,0.00309389804737878,2.15188450099011,0.00171945043230726,0.332065438738485,1.65743399195378,0.0376444980560061,0.359245145014519,0.00308240662331622,0.00181219743174066,0.000869219898210302,0.00140618431258221,0,0.0011425034887014,0.0142216398071136,0.000868303781006907,0.0240401641290627,0.274450747541679,0.0487704158519684,0.0403750753759246,0.0123882746914832,0.0047225031344609,0.00186835461333072,0.00956301261071623,0.020014952064503,0.0214468601014916,0.0176535853458376,0.0025389365246202,0.0013148023385134,0,0,0.420697154997467,0.0169964644237618,0,0,0.000186576378533157,2.02498169148863e-05,0.0001364817766667,0.00751308020242045,0,0.000315739740585718,0,0,0.000292387812677791,0.000366521940644349,0.0122508291506803,0.0192695122845265,0,0.0135759294477896,0,0.000963279786558233,0.0279268502035031,0.00192983531540954,0.00564066029817322,0.0198061738494597,0.0174771844571774,0.0887992142155989,0.00049952875678318,0.000367096680265975,6.2514862378904e-05,0.000646772390848094,0,0,0.00744369689072512,0.00077582673648682
0.0122773987226258,0.00731066865658453,0,0.00103108761446164,0.000126122007884026,0.0110369764981139,0.232210220796043,0.0887416657495731,0.0043367209160695,0.0303500811615045,0.000112340433144702,0,0,0.0846262686007247,0.000749871898768701,0.0253534355776363,1.74025146169556,0.000747823134060129,0.0519325714560925,0.000393781656473306,0.239706588403512,0.00921493867591122,2.07535480413327,0.0125544935462574,0,1.16639419645222,1.60995853753043,0.101177877590567,0.00363340613327802,0.178848670320596,0,0.000246767326630986,0.000754853657177395,0.0573830057118903,0.00147516747028683,0.0585302154499185,2.21320147743075,0.171088638431192,0.106368868173812,0.0112481846373255,0.00551531689638687,0,0.0180383183362246,0.0243845945434059,0.023291818596691,0.0294478600276387,0.0025146047216208,0.00160683779625209,0.000124070615746943,0,0.0250659030701874,0.0278027405654853,0,0,0.000125040947039842,0.000542224449479967,0.000116741330955017,0.00189435751402812,0.000232274071967538,0.000173159039088162,0,0,0,0.00064420470476244,0.0140632413023784,0.0239087548920392,0.000190589061144525,0.0080353603213052,0.000565296021878686,0.000512655250137307,0.0300052359282113,0.00504364570888258,0.00816571098162683,0.000109248772287958,0.00349064299090732,0.131426099817506,0.00155508061701116,0.000167096944189502,0.000108370274665638,0,0,0,0.00368700368803497,0.00099665648107837
8.12635659021288e-05,0,0.00103108761446164,0,0,0.0101246088480209,0.00377574847574431,0.0325979050503463,0.552411064311969,0.457409131431934,0.000784052584541545,0.0532410950383915,0.000559766003887027,0.0118299836514352,0.0125806906533866,0.000171969183572439,0,0.000383713571805778,0.000699953515542049,19.3829785804228,0,0,0.000219629265097204,0.742782551397871,0,0.000237263105877739,0.000259186272060495,0.731761341866725,0.0216911029543193,0.000591371976000864,0,0,0.00191853140240583,0.00796077044126589,0.000698551662440148,0.00855074128941806,0.00149464895161644,0.0210894213633606,0.00711922289465742,0.0361990598510192,0.0049959501518148,0,0.00308657279115239,6.28687699764426e-05,0.00175708425962796,0,0.0142142943875913,0.00032560559149207,0,0,0,0,0.109118289671618,0,0.0113968050621541,0.000451853489928817,0.00065977195295347,0.051644892638875,0.0543298545908367,9.72671498457832e-05,0.013887684805884,0,0.0011211440626597,0.00262118843076797,7.80918745198773e-05,0,0.00024339421024577,0,0.0739281101178351,0,0.000287302535755943,0,0.0393851453736179,0,6.68286226895233e-05,2.89610059203591e-05,0.0259050526929892,0.00154315741687233,0.000276171361467657,0,0,0,0.000179206214597047,0.000278805957470447
0,0.000182590226941448,0.000126122007884026,0,0,1.34064954730268,9.85457541296947e-05,0.108563782401828,0.00705878988667484,0.000144526948104356,0,0.00538636646274579,0,4.61887793744035e-05,1.71099259993787,0.00259948472655738,0,0,0,0.00022380345769491,0.00102527392703983,0,0.000453957859469188,0.00137538010780967,0,0,0.000147456270739797,0.000594568887329968,0.000571807881858503,0.000241542146852514,0,1.60572295314388,0,0.0303500587534153,0.0132325984784253,0.0030855000905282,0.00400318838717553,0.00208848583963741,0.00691681321718433,1.76355785080949,4.21810555363751,0,0,0,0.000972731638514114,0.00492057491650443,0.00189412658122158,0,0,0,0,0,0,0,0,0,0,0,0,0,0.000570905547324883,0,5.27699581403204e-05,0.00366915173331181,0,0,0,0,0,0,0,0,0.0002608436505574,0,0,0,0,0,0,0,0,0,0,0.00149044872611479
0.00111278985669342,0.000103891440597583,0.0110369764981139,0.0101246088480209,1.34064954730268,0,0.0454109753661269,1.72126169963451,0.0285743318988926,1.85835132963845,0.009530398373265,0.962800474221771,0.00120769060200611,0.111770693596583,1.18903049881037,0.00095733170709371,0.00337851176837485,0.0129595351765148,0.00815620156528772,0.0246269341318286,0.00203173733091119,0.000327749252134475,0.0066411953278177,0.0212311367921312,0.000895975627009467,0.00562036189099686,0.00399391995850487,0.0308753549483174,0.0959853204099801,0.00462041955205593,0,0.248608633810345,0.000849864007094071,0.109775102376585,0.00260361082361359,0.0201281095233627,0.0153537029912481,0.0952127421471494,0.0150157998095259,0.8486876983886,0.281581596919914,0.000268987891065331,0.00390203566433221,0.00071607486142158,0.000792536396699954,0.00106234047506344,0.00260489413501128,0.000205998697037753,0,0.000695119188943293,0.000203012370629252,8.14208879425468e-05,0.00591007927175914,0,0.00437750443276056,0.000477192257676161,0.000424858833258931,0.00616518902772249,0.0211943414592341,0.000144924487160193,0.00274957243906391,0,0.000231347840341466,0.00145467726487274,6.40923355469027e-05,0.000339818959738459,0,0.000315678469540448,0.0120836849800883,0,0.000566946179791834,0,0.0311179903494584,0.000448045674366635,0.000610010245417022,0.000802118250800395,0.0122077474257551,0.000932262448123049,7.98023347484177e-05,0,0,4.73594708935666e-05,0.000536719610120504,0.000757376396535092
0.475275838350214,0.000659969286468816,0.232210220796043,0.00377574847574431,9.85457541296947e-05,0.0454109753661269,0,0.417284914392505,0.004737614457919,0.835440242469377,0.000345380964907437,0.000202330704796823,0.000627940967756523,0.952968813386881,0.00418697310061359,0.00922108611622492,0.0827081254382063,0.00116823860286856,0.00883396112472992,0.00171147202870829,0.119554030711424,0.000905576751486488,0.1814886342393,0.269172191379073,0.000463619986815263,0.0491365151745256,0.0241827774008627,2.44062679783862,0.0360470234684568,0.959077234290593,0,0.000142148645151001,0.00266013222684701,0.0423889494519268,0.00403398501373905,0.0788475808464439,0.0381211310985155,0.134934805274991,0.0418393406107027,0.0281841194733519,0.00514595137424545,0,0.00315132914458128,0.000754823429944707,0.00179605841796866,0.00208788245810516,0.00021520182720712,0.00040726188211228,0,3.299299266518e-05,0.000797575443603961,0.000696869252053655,0.000413302388493398,0,0.000378499080966302,0.000262869364914651,5.49914442377431e-05,0.00169012815358328,0.00160257635397624,0,0.000502116058909733,5.13499965968571e-05,0,0.000833651345120613,0.00368688214458106,0.000375416799308818,0,0.000191253038294991,0,0.000472242373821853,0.00262240315605083,0.000164487658415366,0.0146818952380209,6.21118644232269e-05,0.000133376760401609,0.00585611928486049,0.00214937696023703,0.000362976161240851,0.00050040120101598,0,0,3.35916603473754e-05,0.000340039679256399,0.00178876446945438
0.0594505322286474,0.00126959999694058,0.0887416657495731,0.0325979050503463,0.108563782401828,1.72126169963451,0.417284914392505,0,0.0258193999711114,0.579823157738073,0.0070190113263528,0.075406140691353,0.00216244304610348,1.72837160694274,0.0261262375578693,0.00687842395257426,0.172838739089816,0.00679009542512893,0.0241016649600723,0.0341700141802715,0.0439054685001019,0.000919673332566227,0.0726830764527082,0.174493219213851,0.00205290627483175,0.0335202232080458,0.0168522128853135,0.221381600539336,0.237156168737602,0.187322963777453,0.000188383908123077,0.188979365406448,0.00368679368726798,0.222877069549461,0.00412019905301841,0.0593030394834897,0.0291421218426087,0.149358923631511,0.0286301674649636,0.732792997297248,0.533940665594555,0.000242706670040747,0.00485023907517182,0.00114826228119934,0.00388955191957553,0.00172408551550938,0.00563929593714567,0.00081593937031028,0,0.000836573327725394,0.000945681878676847,0.000138090281485472,0.00112035282457024,3.2972046988153e-05,0.00146300042057316,0.00179943911389463,0.00111979217125767,0.00686106437963974,0.00773099255596531,0,0.00083850238257164,8.85692484718604e-05,0.0016065442337285,0.000253991268958683,0.000726231925155814,0.000116461735908719,0,8.00256670082655e-05,0.00428440399559437,5.15278731862027e-05,0.0013636770917425,6.45563419641602e-05,0.0582845203597187,0.000390785887110425,0.000574994774279547,0.0016572066183609,0.0117327854947697,0.00419395081925687,0.00108162840711901,0,0,0.000362098243632721,0.00132283701400922,0.00115461555623526
0.00137378820680648,0.427616880053957,0.0043367209160695,0.552411064311969,0.00705878988667484,0.0285743318988926,0.004737614457919,0.0258193999711114,0,0.0524120375875003,0.000734476913103022,0.931403632481615,0.00338118633244673,0.0108744412894933,0.580910416369296,0.0329218741540385,0.00896403743000055,0.00574627900769793,0.0169273390752557,1.8409329992253,0.00207300380359501,1.94913461227609,0.000763143456858813,3.5601108475067,0.372367762284483,0.0146564897180071,0.120938565279294,0.104416464491948,0.0244412719361149,0.00170883985142528,0.000689426410901868,0.000189359821112236,0.00575021199633549,0.0134379308775094,0.00183451099925835,0.0423409172016487,0.0338548300519583,0.0411325419467926,0.0236248845270648,0.507567618444047,0.00878180982266101,0.00052589491070093,0.0305665641777781,0.00516312134898653,0.019701085278965,0.00711662468206777,0.0426323977447665,0.0108131649643706,0,0.00563702160002761,0.0557661342302194,0.00248530797275167,0.0355608418518158,0.000289210134064057,0.0128425260218945,0.00354039124360677,0.0048413974401358,0.971218936074859,0.053566653993884,0.00035430596377459,0.0147678133857822,0,0.00581572603602467,0.0163901278522301,0.0137768235720933,0.00135520938679472,0.000698949273484809,0.00308789207743662,0.0643251787262741,0.0014256497919,0.139676152214,0.00164197845486624,0.264730947810358,0.0213530462139806,0.00622478014792735,0.0156173438160787,0.0416654177852559,0.0184718389129015,0.0042745549007055,0,0.000306115866255786,0.00274307130792254,0.00965299776694093,0.00066849054342757
0.0044235843848106,0.000665005450869755,0.0303500811615045,0.457409131431934,0.000144526948104356,1.85835132963845,0.835440242469377,0.579823157738073,0.0524120375875003,0,0.00517864915771031,0.900441816343067,0.00168210579493301,0.150982103879659,0.0102340285859979,0.00221665818954291,0.00905445477750363,0.0120325349999924,0.0107499936518837,3.25975396124099,0.0095545298054954,0.00041243712913309,0.0254272361103328,0.158206143076912,0.00107435689561831,0.011106716907845,0.0067516531362421,0.744947501171096,0.135961826594161,0.0215105298471783,0,0.00217945491408127,0.00151003340478757,0.0700789035209822,0.00648304366689292,0.0570362621936844,0.0168601994030703,0.142313932661416,0.0300289199193818,0.224660448147474,0.0295884097153329,0.000185973285500107,0.00415193749388297,0.0011928417461701,0.0014957340804335,0.000129131231261336,0.00240564172150067,0.000173300683983351,0,0.000267927097953472,0.000345546417626982,0.000138985325198558,0.00667225702455392,0,0.00452970205459635,0.000314021552503807,0.000664407024636481,0.00851721486830732,0.0304312430571635,0,0.00346301207025318,0.000101988255847671,0.000682361179035301,0.000921482013162143,0.00058506840262999,3.24414137395303e-05,4.94716404852271e-05,2.3499877320147e-05,0.0110429580442688,7.3711325339383e-05,0.000935834753910137,2.08787360388748e-05,0.0382223540814282,0.00015435462950657,0.000349363507573242,0.00105369648937593,0.0159960651586507,0.00205235979802982,0.00018217424223146,0,0,5.4493209516998e-05,0.00060068576096526,0.00186316061149496
0.000199343729246152,0.00236156387112959,0.000112340433144702,0.000784052584541545,0,0.009530398373265,0.000345380964907437,0.0070190113263528,0.000734476913103022,0.00517864915771031,0,0.00505021777073291,1.82035327071779,0.00651048915615079,9.1562215257324e-05,0.000383583161281454,0.00291276190556163,3.00592071231296,0.773084280636067,0.000440041312994157,0.000467450531004353,0.00113611635292896,0.00175588063774043,0.00227677146360152,1.98367300891087,0.839024605677332,0.132164018768223,0.0009473312907986,0.0392669687234931,0,0.257790428152443,0.0019699474671719,0.000138642816755972,1.1961023905436,0.00111198121639704,0.0569426638736598,0.636078581160097,0.441697759591559,0.0296594812866301,0.0159942785275292,0.00331961196155297,0.759284597597692,0.00144761191336032,0.00590337141259699,0.00408548610182105,0.00171175706309923,0.000194849873676595,9.19718749498293e-05,0.000732556627410804,0,0.00292947833581903,0.000320367656698406,0,0,0.000396805350875604,0,0,0.000267640602536274,7.91299003669965e-05,0.00670899430713279,0.000234277184341422,0.0153924626380489,0,0.000625314046006908,0,0,0.00177093741408235,0.00131713802357222,9.71524336917749e-05,0,0.00018327291338155,0,0.000275181014948192,0.0659021440583707,0.0360966009030979,0.0327459602090549,0.000172678263848477,0.000198801765258495,9.96657464605506e-05,0.0626549475967288,0,0,0.00068478873089859,0.000724259391725797
0,0.000600388787203578,0,0.0532410950383915,0.00538636646274579,0.962800474221771,0.000202330704796823,0.075406140691353,0.931403632481615,0.900441816343067,0.00505021777073291,0,0.000896819359810432,0.0377957062646126,0.846088943782884,0.000287502610833486,0.000535311206873006,0.0106926286562001,0.00814233253919945,5.5252789678085,6.178284856525e-05,7.96166878434296e-05,0.000562339776967379,0.0376115561591408,0.00135617143606188,0.00184274385315092,0.00333425842050171,0.00306589614469932,0.0449982623927804,2.88760317208757e-05,0,0.00162829346406302,9.79661395241792e-05,0.0492804837768892,0.0125256601367293,0.0245447031253144,0.0105908077543574,0.0716875845467938,0.0160906983414657,1.95545691440508,0.024194787821708,0,0.000591953626104079,0,0.000344412180180245,0.000376550900955739,0.00164465990078863,0.000369142332461801,0,0,0,0,0.00119407938373435,0,0,0,2.30273522148388e-05,0.00069266269616326,0.00226343016684427,0,0.0478801635900344,0,0.000118243840648406,0.00107043620385801,0,0,0,0,0.00288494524923963,0,0,0,0.00190257999905105,0,0.000294712852681229,0.000491421268309629,0.00069911473117444,0.000156418119209882,3.73240164351215e-05,0,0,0.00017328890836027,0.000360273027665028,0.000374673882564248
0,0.00265538265273773,0,0.000559766003887027,0,0.00120769060200611,0.000627940967756523,0.00216244304610348,0.00338118633244673,0.00168210579493301,1.82035327071779,0.000896819359810432,0,0.00316795509770414,0.00021032624483097,0.00172733400046703,0,0.0226236206299478,0.0107102942502153,0.000404512308133487,9.42848267068573e-05,0.00242729871274466,0.00125987984088148,0.00335058535460972,5.5772640796926,0.0603179495834381,0.567784571961679,0.00138139882683902,0.00305478408882639,0.000347310891018338,4.62979837551237,0.00526036794000365,0,0.0672943456834221,0.000669140323075745,0.0750525404797399,0.176706346784463,0.757756381937921,0.246978857771686,0.00879575345903384,0.423579784538567,1.22954112816121,0.00120174464015292,0.000883064429811164,0.000514125518070793,0.000733910610044242,0.000485969523770752,0.000630154618903994,0,0,0.000292212159192021,0.000305851072569882,0.000254228126018385,0,0,6.85558291567941e-05,0,0.000180878878098228,6.69821171800377e-05,0.00177047529200178,0,0.0035673987336521,3.32756009693291e-05,0,9.35873611352025e-05,0,0.000569027412800596,0,0.00017625139793266,0.000120298491540593,6.1610555179413e-05,0,0.00207926262295995,0.0148600079656522,0.00693002013904611,0.00533822715263162,0.000905436197520909,6.4745398297252e-05,0,0.0259288468512495,0,0,0.0022961007767691,0.000306794275118308
1.97806065810967,0.00140400326976675,0.0846262686007247,0.0118299836514352,4.61887793744035e-05,0.111770693596583,0.952968813386881,1.72837160694274,0.0108744412894933,0.150982103879659,0.00651048915615079,0.0377957062646126,0.00316795509770414,0,0.00500148105176826,0.00535150170065044,0.261315233338417,0.0155058201638762,0.0395803720702308,0.0147526707466625,0.0508932707296562,0.00130685761247036,0.0779773204340147,0.124624059492709,0.00180573844825136,0.0345944086326838,0.0199125902927133,0.133639565818443,0.963265661847261,0.633559496298681,9.99342029449624e-05,0.137719464345579,0.00771932520434398,0.291378625799742,0.00295974895476929,0.0493408600688838,0.0267271336479691,0.153566396920927,0.0211877402953171,0.219847467939559,0.250400659641446,0,0.00356241114472446,0.000420310616107995,0.00277161147994058,0.000867956285072028,0.00344521247383885,0.00166507015926667,0,0.00046867894090231,0.00118875433438545,0.000215274674972848,0.000600483717905218,0,0.000572015656267319,0.000263056784972306,0.000560903596787012,0.00359095039258053,0.00288102296349953,0,3.50276978949887e-05,0,0.000948168412719217,0.00102541951327164,0.000437506425096191,7.49094621451639e-05,0,0.000147262942246566,0.000868833529912936,3.76141637284408e-05,0.0012828622646021,0.000412789375118587,0.033793865310565,0.000845390212470007,0.000479502966682166,0.00164740808952239,0.00476895680669847,0.00247569069346896,0.00128942270236875,6.16087755927397e-05,0.000118041572973925,0.000496160754785602,0.00215590096253432,0.000632987174445578
0.00221713034952412,0.00247656335770811,0.000749871898768701,0.0125806906533866,1.71099259993787,1.18903049881037,0.00418697310061359,0.0261262375578693,0.580910416369296,0.0102340285859979,9.1562215257324e-05,0.846088943782884,0.00021032624483097,0.00500148105176826,0,0.0363646518656891,0.00343705652814007,0.000761277872407227,0.000880236086847185,0.0196336058181087,0.0127628166504498,0.00256455612820448,0.0331404276876292,0.0725983467797752,0.00544769315931262,0.00103066671729815,0.00725574559537767,0.0172854946795763,0.00577422970639008,0.00389159531629831,0,0.0630928899331872,0.0010511515211143,0.0148426174675953,0.0968927205970284,0.0496345386388425,0.0440112516748099,0.0874109122144048,0.0999273822876821,4.56891764723151,0.0964093678976098,0,0.00252683163947116,0.00386892350292843,0.00995744584808723,0.0151323092255548,0.0176843455607596,0.00215210021486659,0,0.00155154190478596,0.00114460762385534,0,0.000108079594666497,0,0.000745715239747168,0.000217859409787607,0.000604046513800983,0.0068897343921413,0.0018282139659529,0,0.000462269215072905,0,0.000149301871190105,0.0195800016945264,0.00108498538224018,0.00407578114309151,0,0,0.00192558897892375,0.000478062359591512,0.00112566399277041,0.00363230398235871,0.0155338371433313,0.000192012278319404,0.000304699482684139,0.000923732296599662,0.00433834726945479,0.00145147115595272,0.000666030701171951,0,0,0,0.0021323546847958,0.0180269799015559
0.000421447719919879,0.132292426386712,0.0253534355776363,0.000171969183572439,0.00259948472655738,0.00095733170709371,0.00922108611622492,0.00687842395257426,0.0329218741540385,0.00221665818954291,0.000383583161281454,0.000287502610833486,0.00172733400046703,0.00535150170065044,0.0363646518656891,0,0.0675820591010685,0.00130009165197198,0.0262285823332439,0.000117805594162331,1.18908056727626,1.04794618452078,2.40996894306696,0.470677348918352,0.00734649897739075,0.0155221548128369,0.755214095057745,0.111373850535677,0.00382405014437143,0.0365124500351407,0,0,0.00108179179060593,0.0890297593372695,0.0296072236804005,0.573295824390577,0.466752824350107,0.40832517989999,0.543665149606099,0.245497702629671,0.0138975941059589,0.00245659452264371,0.0151061059472684,0.0290540044746531,0.0157298598209133,0.0379193657109966,0.0144332539332972,0.00185502394574782,0.000168879551284145,0.000374509261053521,0.0272554047453631,0.00747269950293243,0,0.000223485001999793,0.000283476129359517,0.000286151720644423,0.000140509840665187,0.0578859993296447,0.000198540182356928,0,0.000258801652355079,0,0.000193356490023934,0.0159657509175497,0.619929015195142,0.00657569239824967,0.000804811636700327,0.00319774184440391,0,0.00977138640476589,0.178994068302484,0.0127410700422542,0.0864426509390974,0.00471887939303868,0.00219155705606889,0.0664880189903842,0.0101664627879074,0.00103747926319377,0.00176635488583586,0,0,0.000148036197777672,0.0022284502431473,0.0140016792901483
0.0789912408478944,0.0203213648877862,1.74025146169556,0,0,0.00337851176837485,0.0827081254382063,0.172838739089816,0.00896403743000055,0.00905445477750363,0.00291276190556163,0.000535311206873006,0,0.261315233338417,0.00343705652814007,0.0675820591010685,0,0.00768050825588241,2.60034904631717,0.000470550659864407,0.215039389979172,0.0118178736056442,1.05589418560553,0.0289115033514274,0.000866846575160309,0.365231203625825,0.676507007925133,0.0777877785037289,0.0182473180099209,0.247027474830527,0,0,0.00123673580732189,0.571042616497791,0.00211625927779047,0.0588841512751721,0.877712945881759,0.250049351136124,0.122106729257729,0.0164164261091958,0.00964835819984109,0,0.0122007095558752,0.0150018609991029,0.0216294249484932,0.0174415295809674,0.00124434614710038,0.00188447924267104,0,0,0.0470412716071968,0.0282334305264498,0,0,0,0.00038599550704946,0.000321704971865351,0.0035034159562996,0,0.000336255018206862,0,7.61846987061489e-05,9.70980504240934e-05,0.000698234597609412,0.00979894821141112,0.018201759840659,0.000112688237321732,0.00958989997396562,0,0.000784853700413382,0.0213822803131268,0.00197602794208278,0.00531295051972676,0.00108282462651868,0.00686744303885745,0.0987845096415473,0.000747571834913719,8.85247545492731e-05,0.000403875773990901,0,0,0,0.00376694623102837,0.00158814346019726
0,0.0115226762579704,0.000747823134060129,0.000383713571805778,0,0.0129595351765148,0.00116823860286856,0.00679009542512893,0.00574627900769793,0.0120325349999924,3.00592071231296,0.0106926286562001,0.0226236206299478,0.0155058201638762,0.000761277872407227,0.00130009165197198,0.00768050825588241,0,2.83133798211716,0.00358288528990811,0.000607909450621243,0.00427243342975143,0.00285963030762193,0.00586648531026314,0.203853053791624,0.362460930615312,0.172486440278373,0.00252755263827262,0.053970944064539,0.000222316911319937,0.00549243087783859,0.0026203460860644,0.000229654623692755,0.241067768234746,0.00390328747660494,0.226613668136594,1.16873034985846,0.453054768967116,0.215681296336242,0.0270675912333681,0.00578939118108503,0.0623830706336463,0.00767296613728135,0.019379232129723,0.0140440413406191,0.0117916484484888,0.000928098379500459,0.00278458436925372,0.000832664549812664,0,0.0180312084674687,0.000825770461504067,0,0,9.56304394100871e-05,0.000344595200953835,0.00020382914112556,0.0021783135136436,0.000171909027740629,0.00218528292893187,0.000252407268502639,0.00727053362440692,0.000172639739708373,0.000512038366972233,0.000268455887630976,0.0012716773075802,0.00238719685121134,0.00892533060929992,0,0.000159758748825253,0.00138083183377248,0.000478411271139987,0.00206193938247614,0.115586340491136,0.0804127416319542,0.0577300625105186,0.000520866633213932,0.000570521268782837,0,0.0327276934109304,0,0,0.00505757296549751,0.00115059216396397
0.0133300495219372,0.0621891660783267,0.0519325714560925,0.000699953515542049,0,0.00815620156528772,0.00883396112472992,0.0241016649600723,0.0169273390752557,0.0107499936518837,0.773084280636067,0.00814233253919945,0.0107102942502153,0.0395803720702308,0.000880236086847185,0.0262285823332439,2.60034904631717,2.83133798211716,0,0.00167364276340652,0.0163863497067705,0.0149210386831555,0.0545861676196475,0.0225425075289885,0.0194671253353883,0.973731390121029,0.447507285125422,0.00963090629536542,0.0305546482449929,0.0227974559242471,0.000229067854878917,0.000230961739571107,0.000259892141011022,0.798153453672822,0.0075338703516831,0.302262264130041,1.18009142530656,0.79244512967754,0.394048809241714,0.0240576483638803,0.0296118308608157,0.00241431731538687,0.0132065177368709,0.0223706438542244,0.029648361913489,0.0272671716080315,0.00421351523661647,0.00225918018204186,0,0,0.104316681539259,0.0221920103159591,0,0.000129549784271938,0,0,4.30045819785493e-05,0.00324820996357644,0.00023639822886393,0.000387083353435025,0,0,0.000115661613859716,0.0028330628900017,0.00315144224878781,0.017618419309762,0.00144341516369841,0.0185022524039582,0,0.000488098742093563,0.0133231707666764,0.00213594545081379,0.00616289995188493,0.0185626307406349,0.0411238325192133,0.113344001249168,0.000961321314552288,0.00038608426232137,0.000882228111446717,0,0,0,0.0104132253167984,0.00410595896084189
0.000217190797858915,0,0.000393781656473306,19.3829785804228,0.00022380345769491,0.0246269341318286,0.00171147202870829,0.0341700141802715,1.8409329992253,3.25975396124099,0.000440041312994157,5.5252789678085,0.000404512308133487,0.0147526707466625,0.0196336058181087,0.000117805594162331,0.000470550659864407,0.00358288528990811,0.00167364276340652,0,0,0.000176669994733231,0.000634702462372366,1.28430815469663,0.000900422568319414,0.00058349420826593,0.000784526483118618,0.280159086222437,0.0231566490136944,0.000648310527043088,0,0.000532176434111225,0.000214423815261959,0.0130917518934064,0.00114226899438648,0.0248758993043172,0.00248625898812135,0.0358533234807846,0.00984800875633454,0.238906990575288,0.0148386211134043,0.000237722151122388,0.00787371859093262,0,0.000820413574337415,0,0.0199091150975126,0.00114268002432905,0,0,0.000487447974699788,0,0.0760372632052161,0,0.0111630831283943,4.19011346221108e-05,0.0010056046370806,0.108255844571276,0.0904133708740414,0.00020287330431674,0.0213534833967807,0,0.000737918528152923,0.00365711036577421,0,0,0,0,0.140139177069846,0,0,0,0.0756138109674469,0,8.01637093790098e-05,0.000210352482045292,0.0368875431827584,0.00119283510250595,0.000251565433480035,0,0,0,0.000634515257424611,9.18676309664198e-05
0.00834511066733481,0.00309389804737878,0.239706588403512,0,0.00102527392703983,0.00203173733091119,0.119554030711424,0.0439054685001019,0.00207300380359501,0.0095545298054954,0.000467450531004353,6.178284856525e-05,9.42848267068573e-05,0.0508932707296562,0.0127628166504498,1.18908056727626,0.215039389979172,0.000607909450621243,0.0163863497067705,0,0,0.0120547260645002,2.74234183503457,0.0730300708118019,0.000391836751217469,0.0287229126551347,0.10480918750171,1.15740547843353,0.00667967091720274,2.18718889571066,0,0,0.00117864432076698,0.461045796449612,0.0173914576577821,0.123795273746925,0.104503439169667,0.378769976611986,0.147171719211314,0.0540674679451089,0.00577556747915732,6.77857769408189e-05,0.00229748719305762,0.00147016656944842,0.00226315786424298,0.00345775082767922,0.00184120366518563,3.27505537767985e-05,0,0,0.00273316942288268,0.000834388285282714,0,0,0,1.78638293677341e-05,0,0.00298331462063017,0,0,0,0,1.67829380483553e-05,0.00300728897357349,0.0127797071299034,0.00113050559153582,0,0.000401824129227671,0,0.000700982467691723,0.00708636159281377,0.000398250439444452,0.0143828809673967,0.00011617444516273,0.000181489628624791,0.00838694270220758,0.00108642275948878,9.16692759484099e-05,0.000464517426446662,0,0,0,0.000264630200737859,0.00493717738302891
0.000618775632819386,2.15188450099011,0.00921493867591122,0,0,0.000327749252134475,0.000905576751486488,0.000919673332566227,1.94913461227609,0.00041243712913309,0.00113611635292896,7.96166878434296e-05,0.00242729871274466,0.00130685761247036,0.00256455612820448,1.04794618452078,0.0118178736056442,0.00427243342975143,0.0149210386831555,0.000176669994733231,0.0120547260645002,0,0.00331074314471265,1.53433468074282,0.380477892371023,0.0101919279206344,0.245525749420665,0.00896276918143184,0.00253785304893849,0.00190016232665097,0.000387443622259093,0,0.000254457106066086,0.011212088895215,0.000711618903809256,0.0148614689291318,0.0628429866785419,0.0276598142389099,0.0144992735176666,0.00694536214819318,0.00190664372689935,0,0.00722733836271575,0.0126225819768824,0.0109722859533161,0.00777654620414711,0.00328298731425219,0.000233313563660442,0,0,0.0320268748838134,0.00682529367623413,0,0.000863361315196544,0,0.000354465291148108,0.00015903533306698,0.106533631260676,2.98879175913073e-05,6.51055007804754e-05,0,0,0.00011146875963628,0.0028039533510011,0.118896619429792,0.00365113786761966,0.000176213529519926,0.00335334879154403,0,0.00446828913481531,0.247563932610468,0.00231767176702306,0.0381683734052263,0.00776966426839422,0.00554278063790999,0.0469921172121035,0.00439177153081926,0.00127557572710373,0.00108902600266775,0.000103652332903308,0,0,0.00240330291352764,0.000854160082649465
0.0118545186840756,0.00171945043230726,2.07535480413327,0.000219629265097204,0.000453957859469188,0.0066411953278177,0.1814886342393,0.0726830764527082,0.000763143456858813,0.0254272361103328,0.00175588063774043,0.000562339776967379,0.00125987984088148,0.0779773204340147,0.0331404276876292,2.40996894306696,1.05589418560553,0.00285963030762193,0.0545861676196475,0.000634702462372366,2.74234183503457,0.00331074314471265,0,0.0259220608180574,0.000684936158826902,0.129421555992643,1.46892074413356,0.221424481345953,0.00633180064501922,0.358248092270313,0,8.19960879899106e-05,0.00030136042807123,0.362674945354841,0.0570469388409204,0.56678686769421,1.48995289219297,1.11526922316104,0.947866189843985,0.346756139276628,0.0223344866469588,0.00104922916954575,0.00790814403739727,0.00943117715253611,0.0108691766994342,0.0187402027242699,0.00605540234822099,0.00107307805198326,0,0,0.00358773417346162,0.00335321728392282,0,0.000105461654586464,0,2.09849155395972e-05,0.000279395669798487,0.00215772717864967,0,0,0,0,0,0.00589276902679914,0.0716763109624521,0.00284607374486408,0,0.000750420215693387,0,0.00127915288918567,0.0177961479770774,0.00626221569722215,0.00867300947748757,0.000539966197418983,0.000743972634882328,0.0573974452443906,0.00191617348906871,0,0.00036149821204129,0,0,6.84214315340975e-05,0.000752385776283596,0.0314894319572393
0.0200632002802378,0.332065438738485,0.0125544935462574,0.742782551397871,0.00137538010780967,0.0212311367921312,0.269172191379073,0.174493219213851,3.5601108475067,0.158206143076912,0.00227677146360152,0.0376115561591408,0.00335058535460972,0.124624059492709,0.0725983467797752,0.470677348918352,0.0289115033514274,0.00586648531026314,0.0225425075289885,1.28430815469663,0.0730300708118019,1.53433468074282,0.0259220608180574,0,0.169048537429066,0.0252264875794461,0.253904700423972,2.71909331745527,0.19460727889356,0.116703574285755,3.56630361129126e-05,0.000195959098595853,0.0371040903808916,0.109690659085541,0.0240582950832914,0.219770183420023,0.113795572119303,0.249139330832469,0.0839928191760739,0.228060510552681,0.0255584707210914,0.000945487481219195,0.128489574586684,0.0243497337608515,0.0991508897282494,0.0315729170919353,0.143492462610702,0.0419147745594241,4.41394403275937e-05,0.0198221451815763,0.0245998901832022,0.00630865792615948,0.0388584921490717,0.000848501920027537,0.031427813228114,0.0195645561909118,0.0163129157599186,0.202324096869099,0.144616073839979,0.00131573344100611,0.022374594496267,0,0.0306079239763888,0.0272554235525464,0.0565909384416419,0.00467323916370752,0.00201349058108582,0.00516463730275974,0.0639514499035405,0.00696452989306477,0.0626628591540281,0.00506722772156244,1.16448828621425,0.00618257510216593,0.00760678740924745,0.0442334663134222,0.187286879799437,0.103606461273621,0.0280693534801618,0.0010098954615024,0.00147255682368274,0.0115155448090666,0.04542729268654,0.0127578482658212
0.000620921286734674,1.65743399195378,0,0,0,0.000895975627009467,0.000463619986815263,0.00205290627483175,0.372367762284483,0.00107435689561831,1.98367300891087,0.00135617143606188,5.5772640796926,0.00180573844825136,0.00544769315931262,0.00734649897739075,0.000866846575160309,0.203853053791624,0.0194671253353883,0.000900422568319414,0.000391836751217469,0.380477892371023,0.000684936158826902,0.169048537429066,0,0.667247969664433,1.33187671416395,0.00150510771582142,0.00635457740920986,0.00129582543736773,0.86681381170891,0,0.000877188344779013,0.0129828927183009,0.000734198958081702,0.715332218278177,0.370597623740878,0.0530921985795386,0.0187319291449519,0.0146005660845361,0.000574712263624094,2.22313757822284,0.1594571024979,0.0136711570243011,0.0073365309967474,0.00425585881640105,0.000913359388525817,0,0.0268642375449178,0.000419306117124769,0.0483275105808466,0,0,0,3.85907423000359e-05,5.97360252588275e-05,8.16423860205365e-05,0.00711414873398735,0.000482891984959543,0.0146379908251134,0,0.0581704481113286,0.000265447396590316,0.00100780326293727,0.00188666837097211,0,0.00373346569047044,0.00198096978686821,0,3.18030038918759e-05,0.00691424426513469,0.000413381704415305,0.00479548456419745,0.159073699590914,0.0535854261933891,0.0436811312777856,0.000105868150227953,0.00111274847577395,0.000240677278768369,0.0907645032856492,0.000197016277941824,0.000664169098217805,0.00278567323822806,0.000173070762363005
0.00564897399812418,0.0376444980560061,1.16639419645222,0.000237263105877739,0,0.00562036189099686,0.0491365151745256,0.0335202232080458,0.0146564897180071,0.011106716907845,0.839024605677332,0.00184274385315092,0.0603179495834381,0.0345944086326838,0.00103066671729815,0.0155221548128369,0.365231203625825,0.362460930615312,0.973731390121029,0.00058349420826593,0.0287229126551347,0.0101919279206344,0.129421555992643,0.0252264875794461,0.667247969664433,0,2.72085176840794,0.0176292049431629,0.0132146024198719,0.0330501935861956,0.0615401392811026,0.000446630130428235,4.16136582912299e-05,0.0803112546113569,0.0036888075628644,0.105357962502433,0.923882697609907,0.126997031973772,0.0579119981285667,0.00950437336125048,0.00319838696546585,0.0200517312659951,0.0307368681680749,0.0501836056418466,0.0679256165575967,0.0383613563791477,0.00548554747635345,0.00591659539154564,0.000341337956420479,3.54700845845031e-05,0.0959814371249532,0.0340435088849733,0,7.07439329346539e-05,0.000651229229525735,0.00108810692296311,0.000584326940299081,0.00479526293419568,0.000329538717103063,0.0040252581525644,0.000301334840200658,0.0128385315022428,0.000358294850469492,0.00150861317611893,0.00275461817879785,0.0271896280974164,0.00576747492923572,0.0387099058910614,0.000102636458726977,0.00187241470515818,0.0136181939255238,0.00409808770975557,0.00665829808838399,0.137166806892867,0.285973200383363,0.392050701824179,0.00110905628997676,0.000873691315741158,0.0016508460827305,0.0319753504757058,0.000183070015091626,0,0.0284057985721638,0.0040110072270799
0.00255980307141653,0.359245145014519,1.60995853753043,0.000259186272060495,0.000147456270739797,0.00399391995850487,0.0241827774008627,0.0168522128853135,0.120938565279294,0.0067516531362421,0.132164018768223,0.00333425842050171,0.567784571961679,0.0199125902927133,0.00725574559537767,0.755214095057745,0.676507007925133,0.172486440278373,0.447507285125422,0.000784526483118618,0.10480918750171,0.245525749420665,1.46892074413356,0.253904700423972,1.33187671416395,2.72085176840794,0,0.0830104528961052,0.013525373081283,0.0201077096044544,0.437852559717335,7.151528477392e-05,0.000457312279551305,0.347447470973123,0.0312804823770875,0.387352441696579,0.949425673985429,0.788887293232047,0.526351575446818,0.0939490505743893,0.0390619196747729,0.0056222302131385,0.0870892686756526,0.105561918008078,0.124157856717899,0.101540985432679,0.0220709496841107,0.0115580081787413,0.0009061108338386,4.56101856002812e-05,0.34366779076061,0.0954308275654103,1.82970316679602e-05,0.000185738229416353,0.00106077642241049,0.00320596858273317,0.00102217465420241,0.0112226458532388,0.0013080259349666,0.00298096215343188,0.000504566698063573,0.00719855017150196,0.00130245926161764,0.0039804859034681,0.189487544310638,0.0677697622598564,0.00673297521664652,0.0517934951024331,0.000212382210639722,0.00739969259884096,0.154597509246348,0.045967678201282,0.036021595534676,0.17942921110692,0.303609846118573,1.10355124044818,0.00773452815433848,0.00161125078359907,0.00316550117977219,0.0136932543219641,1.99222532965193e-05,0.000128089826083311,0.0430187965030445,0.0270347986720283
0.0277141118975485,0.00308240662331622,0.101177877590567,0.731761341866725,0.000594568887329968,0.0308753549483174,2.44062679783862,0.221381600539336,0.104416464491948,0.744947501171096,0.0009473312907986,0.00306589614469932,0.00138139882683902,0.133639565818443,0.0172854946795763,0.111373850535677,0.0777877785037289,0.00252755263827262,0.00963090629536542,0.280159086222437,1.15740547843353,0.00896276918143184,0.221424481345953,2.71909331745527,0.00150510771582142,0.0176292049431629,0.0830104528961052,0,0.160756613864854,1.77432337471468,0,0.000717306909747949,0.0288725319995269,0.159028708395849,0.0188037153531481,0.146977649215022,0.0607941969966044,0.278989229833629,0.0837050502118579,0.0925000274407057,0.0158165453647285,0,0.0118012016889849,0.00248002710785519,0.0112988284444794,0.00404857186109083,0.011619654611345,0.00285878089051301,0,0.00185486816676533,0.00189659965552117,0.00114539541234524,0.010118726387228,2.9104610695841e-05,0.00373515032703639,0.00175778195829951,0.00147562406189888,0.023822154166163,0.0297548431777825,6.4569106610967e-05,0.00552401691855122,0,0.00262005619141218,0.00144299144733976,0.0107016588907879,0.00034614498172708,0.000124695313607446,0.000311341477245259,0.0139767242290444,0.000833068416181176,0.00704933276278096,0.00082763492094653,0.114102297047265,6.66540360243885e-05,0.000276234740588165,0.00906185642109378,0.0235196428711222,0.00877563929158057,0.00192593615137798,0,0,0.00100281243754981,0.0032131128056295,0.00644510046286738
