0,0.000687036882722285,0.0186111568546998,0.00459753638226068,0,0.010907559248844,0.33408742022887,0.289569461860958,0.0598845919334127,0.0359841330342692,0.00649528168131503,0.00806182249726122,0.000101061179353496,1.75641352071455,0.00305382002040685,0.00278474713127306,0.0696294000856888,0.00331635957504244,0.00838484810969416,0.00676687030304818,0.0488057946048169,0.00137541897507107,0.0334898216998676,0.0433869981643339,0.000206684109382658,0.00424618893232962,0.00828094195083116,0.0760322231151063,0.634542721164548,0.658990544762833,0.000425933100171617,0.000139460309330239,0.0615897969002929,0.139380133563127,0.00130618446896356,0.057192523917307,0.00641069385556221,0.116474019625109,0.034815202596938,0.0693954749205358,0.0127975988611842,0,0.00415926257739961,0.000232471459153921,0.00357718347205488,0.000904579978887354,0.00906036204229341,0.00210838058169475,0,0.00421571683108175,0.000626608000187309,0.00082773247119513,0.000149372239634135,0,0.000109155500887816,0.00255326029206619,0.00145819314977885,0.00616246182669727,0.00197474450877548,0,0.00173663879932394,0.000398314216558858,0.000111228498575888,0,0.00206052884514512,7.04666255160009e-05,0,0,0.000218833649555314,0.000798117859894427,0.000575251104671958,0.000318075139544231,0.0190857759529459,0.000127278503568033,5.4498735216419e-05,0.00104026700535419,0.00651382735318297,0.00450162225453533,0.00274079846565536,0,0.000275725191554537,0.00230688309965851,0.000408849463119754,0.000387335900355839
0.000687036882722285,0,0.00384927673435054,0,0,6.25005023845893e-05,5.30190259476274e-05,0.000679976579898317,0.0665422516900357,4.31395576408655e-05,0.0852032408761317,0.000100021759730229,0.297260406925886,0.000445704213286218,0.00249212172983515,0.0575298114742055,0.0078690137686325,0.00378686852067256,0.00396124789958775,0.000260456157180726,0.00216941417915236,1.17539265720104,0.000795526996701283,0.0793296536043778,0.762375871460574,0.0213672363189504,0.384933622687582,0.00222203443454908,0.000243999509306031,0.00032350110747625,0.0383317253810455,0,0.000203200764411146,0.011539801410468,0.000198619490541386,0.0113588936296786,0.0201916919322708,0.0178516272977313,0.00504442095642654,0.00339767952889474,0,0.00114522565683408,0.00128515083165048,0.00169757573388091,0.0026168224737904,0.000463865999862093,0.000258097712354481,0,0,0.000293002445191121,0.150804515419405,0.00123946523605894,0,0,0,0,0,0.000647532434142795,0,0.0019333161385198,0,0.00519077079365857,0,0,0.00128801158294948,0.00152048443988062,0.00224788941710395,0.000554208091374681,0,0.000156743969028334,0.0107573600544532,3.19146493251883e-05,0.00106638684745332,0.0207332439360167,0.00286927012718861,0.0295644796287851,6.59951548956763e-05,7.07661324880968e-05,9.87706108040946e-05,0.00813197671778593,0,0,0.000279809341418065,0
0.0186111568546998,0.00384927673435054,0,0.00146240677596144,0,0.00788888358691174,0.166808775571278,0.0628757754459548,0.00506592419436718,0.0199906770166799,0.0023571689002711,0.000987607281974214,0.00286317761853106,0.0284069460709974,0.0012977345303636,0.0110694277790147,1.51012598679886,0.00280810697698852,0.0333210092008808,0.000589643278943924,0.134299947497481,0.00198356448911033,2.50195811164308,0.0119841723210168,0,0.640911682660907,2.35027769235424,0.0890852542094695,0.00940622141426679,0.0644680006574548,0,0.000295627811952901,0.000643972134229497,0.19700441706464,0.0111721285165224,0.448700291707078,0.655382327546848,0.572137971173579,0.242429912849413,0.0184601799816707,0.0103307808923738,0.000197209023168972,0.017651971892125,0.00749914793297245,0.00852432426334264,0.00883334024042439,0.00194883226471039,0.000412673249562512,0,0.00027388095373425,0.0280945562771362,0.0260385427671944,0,0,0,0.000714891295926531,0.000245595650299616,0.000894558985931012,8.60647723806233e-05,0.000120581022272099,0.000320385581294366,0.000281430631261355,5.33942651728325e-05,0.000423205729374399,0.00685053892300184,0.0125198320282841,6.17471816005489e-05,0.00184695701066035,0,0.00177199141911948,0.00630921728926531,0.00517281455929414,0.00289682634331203,0,0.0170936796485732,0.216674536247546,0.00113435561576342,0.000380464012385784,0.000753728482210267,0,0,0,0.00201233743339313,0.00661944588308056
0.00459753638226068,0,0.00146240677596144,0,0,0.0617646895411529,0.0327829167276324,0.026158002533237,0.621328030600579,0.737328286490622,0.00419166229127612,1.09518403719161,0.000981543995882413,0.0144667342323978,0.0128517209980423,0.000515191518380359,0,0.00100060930825489,0.00153552835228862,7.07390709718556,0.000862615917941865,0,0.00170277547288021,1.15548059143432,0.000233441976536318,0.000741061556794538,0.0011562297744996,1.28231817404819,0.0200097881810258,0.0017636444730522,0,0.000247538524201736,0.000904601226798807,0.0155965475479888,0.000487803271668823,0.0356810595606223,0.00151103114792873,0.0451934715219888,0.011340600866532,0.0981810014580699,0.0294895873344092,0,0.00594607554535797,0,0.00482934784989345,0.000755840060614865,0.0617814954859797,0.00591000070071696,0,0.00374752730328572,0,0.000189355421413436,0.103691155413429,0.000583144956503752,0.00923166457448397,0.00803459215141829,0.0143676549068659,0.0657363904003459,0.0663657702469496,0.00228406540560243,0.0575135493013355,0,0.00298154187029582,0.00738203088487807,0.000237356409171408,0,0.000163639938325685,0.000278824695623452,0.0540470103478744,0.000182994793956598,0.000358598226096907,0,0.0725903040748523,0,0,0.000329850580508155,0.0298730688416032,0.00543224711053542,0.000516995206847654,0.000292911964595249,0.000542637195388504,0,0.00148080937603095,7.13496278716618e-05
0,0,0,0,0,0.787966461465835,0.000314180690173429,0.0370497393577729,0.00469994976194941,0.00397318162709009,0.000639123968081686,0.00658631777617484,0.00114905281124516,0.000441586098890528,1.37402961979934,0,0,0,0.000186741370417742,0.000644258823445713,0,0,0,0.000406722404985706,0,8.21003998317128e-05,0,0.000244405462552769,0.000181620371033441,0,0,1.82932368167441,0,0.0734407620895375,0,0.00161880679512413,0,0.000752118929864474,0,1.75829989940553,4.26169371926773,0,0.000175245162514865,0,0,0,0,0,0,0,0,0,0,0,0,4.48763237091763e-05,0,0,0.000349243439707191,0,0.000186796751755773,0,0,0,0,0,0,0,0,0,0.000668798186089226,0,0.000298320323925373,0,0,0,0,0,0,0,0,0,0,0
0.010907559248844,6.25005023845893e-05,0.00788888358691174,0.0617646895411529,0.787966461465835,0,0.178728759052343,1.35085646911461,0.0847690404866914,2.68782134046196,0.0178373743962377,0.901882349320816,0.00432356023108722,0.0676313411032653,0.507482554323091,0.000425000991094569,0.00179765917040877,0.00444596910913442,0.00538319376156319,0.175793707487224,0.0062639289546814,0.000404051496015372,0.00879830940603051,0.0548468822301757,0.000294227906934676,0.00274524358046165,0.00547307461235757,0.0508160778266509,0.0453757703559022,0.0128774440327256,0.000171589999790161,0.388046004868737,0.0024230565810226,0.0790385784057972,0.00593213028959677,0.0422268049320941,0.000804448937354086,0.0603254345784307,0.00558557014500589,0.284421168628913,0.0797560723748857,0,0.00286849847640691,0,0.00237745900050095,0.00038548552583721,0.0147323419151129,0.000724661984008697,0,0.00249882864264029,0.000101208896497406,3.4580869544611e-05,0.00455825712407823,0.000111119389368547,0.00205378363153179,0.00589032414059588,0.00450475499570081,0.00781346058385855,0.0142984423536238,0.000621931651366447,0.0142578282772991,0.000312981513565878,0.000938542842462753,0.00119748910600683,0.000459934525790915,0,0,3.67573762411382e-05,0.00317741902357697,0.000417813155579188,4.14418922917176e-05,0,0.0379987435896693,0.00038880106519979,0.000286699990442398,0.000944841337948513,0.0156284705794163,0.00380278816329282,0.00103215755070825,0,0,0.000140080644129097,0.000512640292206394,0.000287902987144307
0.33408742022887,5.30190259476274e-05,0.166808775571278,0.0327829167276324,0.000314180690173429,0.178728759052343,0,0.624157281190901,0.14733189608537,1.66946607985621,0.00661950671130753,0.00653132706655798,0.00134279241729408,0.847435809817816,0.00301481919825131,0.00535655499497295,0.0491933878952351,0.00114203691731341,0.00404258815677759,0.00507620468182373,0.224347867091841,0.000940150110804978,0.222836266574168,0.18573009552999,0.000150512522501571,0.0130885018980797,0.042629603672468,3.01235048829909,0.112590409522062,1.52666866585384,0,0.000449329627485569,0.0103674160116997,0.0473470423001309,0.0055869724221252,0.110088932042023,0.0236286504553702,0.157479937567626,0.0582438470869005,0.0820022684841812,0.0182143384651443,0.00025067031643135,0.00380855487168045,0.000404505107856948,0.00309780284893955,0.000553660886888299,0.0113189585872659,0.00112420725284691,0,0.0031500406924978,0.00062312934615089,0.000422365221818108,0.00145678422446588,0,0.000878632900090256,0.00527478908755008,0.00214483077301168,0.00716054512332984,0.00675910404339691,0.00018225944829313,0.0067437265402496,0.000107125567780502,0.000675959472581704,0.000648152718554225,0.00779090716509164,0.000127874322378579,4.36516766325994e-05,4.3022804836725e-05,0.00143021500468474,0.0025468747226366,0.00164065309557554,0.000415511940260667,0.0281346358199128,0,0.000169075700495415,0.00813619428836258,0.0107400450655995,0.0030117082173193,0.00225077800615977,0,0,0.000495957748862818,0.00129099973623696,0.00280774094122901
0.289569461860958,0.000679976579898317,0.0628757754459548,0.026158002533237,0.0370497393577729,1.35085646911461,0.624157281190901,0,0.130398698475862,0.627346782506374,0.0626860791148148,0.146352157895012,0.00990068251564516,1.3223758882467,0.0334794252632143,0.00120485243456316,0.0809744217012473,0.012254490913766,0.011867411762269,0.077617846268275,0.077957716810113,0.00234731062646213,0.0989636535232003,0.0821117463647184,0.0019369993286468,0.0150537624976549,0.0344205517673292,0.129121732874024,0.155724169627521,0.412525769602537,0.00033288723822312,0.100027296009127,0.00840349004496205,0.341618937758832,0.00259771429739018,0.0665107019229054,0.00701507303657115,0.162502266094667,0.029989265348241,0.253804420032398,0.389346260584199,0.000362535525549768,0.00760027060845757,0.000714397304343946,0.00672918578413302,0.00101642774413287,0.0244218972741786,0.00380260710538357,0,0.00533943081421159,0.000695836800337773,0.000550559936631472,0.0010466090601848,5.05723495115699e-05,0.0021987066794456,0.00624166526559967,0.0033684082929732,0.00766116576520214,0.00590578554231955,0.000288256478160799,0.0128316785976551,0.00034809773554972,0.00186563422299303,0.000427828396689647,0.00232439491701617,0,7.65315635839481e-05,3.07504958254564e-05,0.00128975204610238,0.000995437594533386,0.00123322222909989,3.61033838043028e-05,0.0430813768484768,0.000379065998485197,0.000468997693385486,0.00438885082052053,0.0164304526591199,0.00750933128833021,0.00200975607856209,0,0,0.00100389327379461,0.00107071677223361,0.000970827663611155
0.0598845919334127,0.0665422516900357,0.00506592419436718,0.621328030600579,0.00469994976194941,0.0847690404866914,0.14733189608537,0.130398698475862,0,0.310692363313719,0.0104749758235952,0.808698608193757,0.012581168185636,0.0479663108286378,0.99177676341658,0.010132944264716,0.00709362132772457,0.00260182566593175,0.00295772461218784,0.439132778516272,0.0128271463226987,1.51502733386796,0.00883047626430559,4.23232881046231,0.026486909452492,0.00539597180792269,0.0760313246458624,0.348893293718393,0.10496114129244,0.0690362931155394,0.00303620952628631,0.000598800493020271,0.0189487150827659,0.0312912414405584,0.00259480246814754,0.155325238728696,0.00813186572887443,0.105301839458965,0.0422108767378989,0.899505175897281,0.0567510329123739,0.00160511269872154,0.036764203211369,0.000955765464064319,0.0184861624142077,0.00413117078870234,0.188097992569751,0.0166822824596673,0,0.0268415069679198,0.00446225609302876,0.00180501296389166,0.0774656769441847,0.00265441043267698,0.0265492423644477,0.0433927122157453,0.0321588451334956,0.764812330496047,0.125274981533263,0.00330862799122257,0.16912517778819,0.000979013501259843,0.00760565902672127,0.0364376658954175,0.0526500801172728,0,0.00063131111596344,0.00042989062689244,0.0902200041346498,0.00758882507264143,0.109307609575627,0.00174296330376354,0.405212179102212,0.00196630000802954,0.000350188670534487,0.00482144821650966,0.106288611365806,0.0262898607451859,0.00857496277291568,0.00126968259478461,0.000381963943325299,0.00317801075972481,0.0067088228187084,0.000709433444796979
0.0359841330342692,4.31395576408655e-05,0.0199906770166799,0.737328286490622,0.00397318162709009,2.68782134046196,1.66946607985621,0.627346782506374,0.310692363313719,0,0.0440556345977212,1.45332440459422,0.00501158625641339,0.216486134434782,0.0108985960086216,0.000557051645655576,0.00672054909660377,0.0127551971427298,0.0101186924307448,1.30403565533627,0.0136913098232183,0.000936932183812813,0.023717141715846,0.300268998203772,0.000947852912457791,0.0101191815038795,0.0157670589887353,0.968930316508805,0.2049320570546,0.0289198869888461,0.0005068332671124,0.00326189014074385,0.00350333847680617,0.137808701106266,0.00260867150660575,0.153429974426359,0.00646705706627286,0.408736002867806,0.0452709446445007,0.449077500319108,0.153072142117704,0.000143995744050739,0.00984775455658086,0.000204104510892381,0.0093340449418055,0.00146053541129181,0.0659559438942995,0.00445942945580274,0,0.00487365181759877,6.75672074555902e-05,6.88174434242128e-05,0.0339819133846519,4.21616387261126e-05,0.0142762309672196,0.020341618361532,0.0238899091522215,0.0393780942428768,0.104317112335312,0.00133964354256835,0.0591761346334736,0.000479626287655546,0.00479136195510361,0.00449650271158664,0.00156166969355319,3.68551378141478e-05,0,0.00036447299721512,0.0362768638090779,0.00027152939839543,0.000490747589894755,6.27329771802909e-05,0.154070753208011,0.00064663423228773,0.000252472218794442,0.00215076818351101,0.0582374298715346,0.0109746896778262,0.00184377453788199,0,0.00023743295878772,0.000198754549950893,0.00197419007489335,0.00107238722473099
0.00649528168131503,0.0852032408761317,0.0023571689002711,0.00419166229127612,0.000639123968081686,0.0178373743962377,0.00661950671130753,0.0626860791148148,0.0104749758235952,0.0440556345977212,0,0.0340578081381383,0.64472619465687,0.0662034327694694,0.00105810478996246,0.00205144470102585,0.00465623584051432,1.08721985294201,0.617099572280478,0.0208197259652056,0.00321538263640991,0.0723453199439678,0.00297553120345912,0.0103384606458743,2.27425666887561,0.884877717213271,0.078297112500169,0.00736370556362585,0.09559211360633,0.00318856767243271,0.0418921496977153,0.0392884692047829,0.00165962825257661,1.39516930798246,0.00178866837211708,0.125973203545852,0.232003194495365,1.23374021929435,0.06727314779828,0.0196223514098709,0.00445578171380808,0.664949426904026,0.00203398623246489,0.00927252351783608,0.00412097467695313,0.000695820712780675,0.000476764207827363,0,0.000496800869769876,0.000122744868827492,0.0013620561582383,0,0,0,0,0.000345162099459859,6.1665056910523e-05,0.00119138975080803,0.000310497962302145,0.171720522044786,0.00103091513441697,0.194263534162256,5.74307362276255e-05,0,0.000779464537957206,0.00219560670335715,0.0112741591102366,0.00103321133474189,0,8.23702332725211e-05,0.00334245133545251,0.000154659179795638,0.00289656682835314,0.109870061048631,0.0609951558177547,0.0534991792204077,0.000944488090984928,0.000261971519918281,0.00048624306852828,0.147161514513878,0,0,0.000849015685093204,0.000710503901922803
0.00806182249726122,0.000100021759730229,0.000987607281974214,1.09518403719161,0.00658631777617484,0.901882349320816,0.00653132706655798,0.146352157895012,0.808698608193757,1.45332440459422,0.0340578081381383,0,0.00479600303558414,0.0619989737447734,0.762604806462635,0,0.00112086677067098,0.0109725482482012,0.00860911308433679,4.29326053479825,0.00215692624536261,0.00171106824648698,0.000925087885258772,0.246710851759635,0.000855121206381961,0.00520338522371378,0.00689347057743263,0.0394519258549553,0.0334748533008413,0.00257640892310953,0.000426480661959804,0.00196467488715126,0.00141258011834299,0.115292733620151,0.0878617181668787,0.100071339788503,0.000972010315683408,0.122146766882243,0.00484394616994875,0.905099952021935,0.0931480129679348,0.000174951227527274,0.00954925613737025,0,0.00369726451096697,0.000165587574276331,0.0586278054301798,0.00236999683998709,0,0.0053369759102427,0.000251344997528491,0.000189877593038587,0.0129467541347735,0.000733305001881515,0.00805459935244543,0.00576978268594762,0.00783799676521356,0.0355606370909111,0.0314415332027147,0.000980619151983763,0.146678365716407,0.000469973940096719,0.00232370481472706,0.0118996595296688,0.000859355844512981,0,0.000420204343818689,0,0.0354460254629146,0.00046696819632244,0.00173221574541173,0.000101145861842822,0.0499513818615526,6.81571587273508e-05,0.000235102848050018,0.000625171297337877,0.0168843443805764,0.00631087048940107,0.00146562657284234,0,0,0.00102894699108085,0.000747394330606285,0.00336840513196868
0.000101061179353496,0.297260406925886,0.00286317761853106,0.000981543995882413,0.00114905281124516,0.00432356023108722,0.00134279241729408,0.00990068251564516,0.012581168185636,0.00501158625641339,0.64472619465687,0.00479600303558414,0,0.00293022797056076,0.00170889858335485,0.00573388246636551,0.00278969348047419,0.00106542703686915,0.000951093421729732,0.00250259550677156,0.00535090736606402,0.132092364239793,0.00666524808745698,0.0120553200374258,3.76953633871971,0.124786990187074,0.136950972449551,0.00327361773558229,0.00314395457031236,0.00127237224629407,0.447449923526931,0.00582210405712188,0,0.0213575573244704,0.00262817379027358,0.794495532540268,0.0893452648821399,0.192165786984941,0.00965289544094535,0.0186327273738773,0.733337101291719,1.71134316687614,0.225938608734018,0.00236795910991392,0.00813402019464104,0.00164825935256956,0.00212950997448033,0.00472026809562916,0.00521495025934257,0,0.00222886629977741,0.00076853850075386,0,0,7.861288857042e-05,0.000293533407641493,4.72964004139512e-05,8.2984214928741e-05,0.000227819200510445,0.0239667165250307,0,0.0465946237417931,0,0,0.000580443163137821,6.88400828908046e-05,0.00173523342204828,0.000429727446902201,0.000184839061292286,0.000686686158463564,0.00380030189017359,0.000866986165216094,0.000489185223160175,0.0198136977149104,0.00947533234630294,0.0129612513996342,0.000616340863047392,0.000182236094151873,8.62143169185524e-05,0.0242196564592036,0,0,0.0780366021777879,0.00103740158197729
1.75641352071455,0.000445704213286218,0.0284069460709974,0.0144667342323978,0.000441586098890528,0.0676313411032653,0.847435809817816,1.3223758882467,0.0479663108286378,0.216486134434782,0.0662034327694694,0.0619989737447734,0.00293022797056076,0,0.00448796038388171,0.000680210611568119,0.0522401650814422,0.0142760320275016,0.0149604723336668,0.0426216972021049,0.0500753096375236,0.00112178252097674,0.0636077431467261,0.0477843165886794,0.00101065691200782,0.0132030217136718,0.0269291285135374,0.0864945967521774,0.672018313873518,0.51139744461352,0.000732089697039258,0.0519791719295493,0.0103971314613334,0.227401714596322,0.00202019447831446,0.0438520874478999,0.00464973901649554,0.148518963172048,0.0158943698506604,0.10517413378341,0.0824053742011376,0.00037688020032093,0.00344452471275373,0.000251834538080579,0.00336435229834974,0.000728797170226415,0.00827524905829325,0.000898894793156215,0,0.00231923087542207,0,0.00029253501136888,0.000951763694505439,0,0.000363822123159205,0.00354581525103916,0.00136048641418435,0.00489872808047192,0.00239894519118405,0.000290026959889455,0.00395490872774432,0.000572478263868487,0.000507565477277332,0.000390113510294903,0.00213315116891365,0.000147536450556761,0,0,0.000432758710038267,0.00071379622789617,0.000339399180765508,0.000115775805956501,0.0209720162949297,0.00127643810786138,0.000399721601177331,0.00318629613442006,0.00849623912007755,0.00421854445323931,0.00289086046910693,0,0,0.000155410431387794,0.00111857115951813,0.000480732857613815
0.00305382002040685,0.00249212172983515,0.0012977345303636,0.0128517209980423,1.37402961979934,0.507482554323091,0.00301481919825131,0.0334794252632143,0.99177676341658,0.0108985960086216,0.00105810478996246,0.762604806462635,0.00170889858335485,0.00448796038388171,0,0.00586173165975442,0.0016614614909703,0.000176909374916268,0.000348779589472471,0.019308077306396,0.0291279756084814,0.0124140242346839,0.023813809647876,0.0274017618791033,0.000649491701981808,0.00109750774372068,0.00398609325234421,0.0214160183792481,0.00537854887894077,0.0128835522253814,0,0.00702800156955168,0.00361921188113419,0.00777741284269452,0.0360150585351272,0.0727107578420485,0.00640167583515649,0.0156082817055411,0.00883939313630641,5.65532464242582,0.0132102796589844,0,0.00587134019511388,0.00193125875202244,0.00363160509821254,0.0121674628289204,0.0203982302640474,0.00254313337768741,0,0.00136148526658592,0,0.00118869146107866,0.00266514297718896,0,0.00104643311610414,0.000666701476249625,0.000875415173191722,0.0129281258921415,0.00318692928069467,0.000237047615783545,0.0116126249266429,0,0.000191537954265497,0.0076885831529089,0.00576181072616646,0,0,0,0.00353851625590244,0.00125037308936165,0.00432019323000374,0.0013987276872429,0.0103633462557312,0,0.00031285754008806,0.00236731591916388,0.00421516090706948,0.000645876436884477,0.00134870511836631,0,0,0,0.000119624247431599,0.0373177082696559
0.00278474713127306,0.0575298114742055,0.0110694277790147,0.000515191518380359,0,0.000425000991094569,0.00535655499497295,0.00120485243456316,0.010132944264716,0.000557051645655576,0.00205144470102585,0,0.00573388246636551,0.000680210611568119,0.00586173165975442,0,0.00540512366082019,0.000950196166979397,0.000424345599009742,0.000127971184461903,1.52636977443289,1.10376072522527,1.92407110754998,0.582551329161042,0.00902758957718807,0.00324560335605733,0.68425772356426,0.0954474872881752,0.00983691916982624,0.0190663748104037,0.00134025439409466,0,0.0066970477319908,0.00963339005732929,0.0153237844312989,0.415177795124956,0.314281906609626,0.120025532222605,0.119483918427547,0.0887738923510134,0.0169912137902631,0.00417427807332137,0.0543963279700799,0.0298370793112387,0.0180246066678905,0.0176708686027119,0.0216470333968985,0.000858001873024519,0.000357677028008239,0.00604163343071319,0.00254893852935554,0.00581612371679131,0.000442282712012465,0.000180336114085852,0.000239535638558705,0.0107760206055469,0.00254883493810977,0.101016000460402,0.000637133321133238,0.000779608444139712,0.00109432507218733,0.000156209116737992,0.00306996636610005,0.0037198762130377,2.31870299281105,0.00191956899746026,0.000110661893666803,0.000199136688213475,0.000271035921697095,0.165734398448903,0.30583777726548,0.17359352846474,0.179165090346316,0.00045351222329507,0.000702477086519677,0.0563553472755581,0.0418717581787504,0.011200929759208,0.0269366990559429,0,0,0.00931039077775311,0.00513516292152449,0.00754864010794641
0.0696294000856888,0.0078690137686325,1.51012598679886,0,0,0.00179765917040877,0.0491933878952351,0.0809744217012473,0.00709362132772457,0.00672054909660377,0.00465623584051432,0.00112086677067098,0.00278969348047419,0.0522401650814422,0.0016614614909703,0.00540512366082019,0,0.00628187861660351,0.388191813546351,0.0012956689901327,0.0897246235814008,0.0035999334805385,1.26496317912561,0.00838425239998262,0.000759455913009799,0.689117124020943,0.691826982006855,0.0482542539602531,0.0264745473888069,0.0974472749293306,0,0.000126963717305001,0.00424598131336226,0.296624979244268,0.00435979708511621,0.139924911886573,0.416477996284563,0.659759765318667,0.17734207207732,0.0178741513023823,0.00928340658367615,0.000143981849878993,0.00924979249003376,0.00335374545138628,0.0058879202192003,0.00404983720335086,0.0016554814066567,0.00013714298599218,0,0.000256813171463977,0.0218525435552461,0.0105666686518839,0,0,0,0.0003626837296225,0.000114841753445808,0.00198168694958187,0.000324055293448724,9.57354416337933e-05,0,0.00026748023970161,4.57497299748034e-05,0,0.00491152222389926,0.00784561042292308,0,0.00260832399907446,0,0.0015580388097595,0.00382295790034429,0.00202497621329728,0.00287309935609928,0.000461897923184251,0.0165024036778981,0.0665322868239312,0.00146519821014008,0.000279040629397339,0.000512380580137237,0,0,0.000193545362275806,0.00114187854611602,0.00186955310887277
0.00331635957504244,0.00378686852067256,0.00280810697698852,0.00100060930825489,0,0.00444596910913442,0.00114203691731341,0.012254490913766,0.00260182566593175,0.0127551971427298,1.08721985294201,0.0109725482482012,0.00106542703686915,0.0142760320275016,0.000176909374916268,0.000950196166979397,0.00628187861660351,0,1.06422028444892,0.00992228013213393,0.00206658257688941,0.00311171935656066,0.00211785355352743,0.00179181373673545,0.0337078908387786,0.61176764406787,0.0837916308492215,0.00217643832441251,0.0198869195794543,0.00075231543537454,0.0201624621422176,0.0131733414129029,0.0010637908213182,0.0867469163652416,0.00104950310831434,0.0775864173826737,0.160392781970803,0.45252235222909,0.0601963546606948,0.0051881642483318,0.00572837401151133,0.00133030007320739,0.00220004945985997,0.00229049604110056,0.0026148903531104,0.0019933697723275,0,0.000764870933264494,0,0,0.00367021191713887,0.000389259772182599,0,0,0,9.17867220827943e-05,0,0,0,0.00713855637039475,0.00046168462926402,0.0451993759004054,0,0.000238018442942106,7.80044405054268e-05,0.000691270915695874,0.00471877415275257,0.0016921064165889,0,0,0.000400262684362697,0,0.000606634337834835,0.0346059359586651,0.0198464191175839,0.055805705938733,0.000251657952320624,3.31751708988258e-05,5.31480267410029e-05,0.021086935291249,0,0,0.000937032419477994,0.000396991714096694
0.00838484810969416,0.00396124789958775,0.0333210092008808,0.00153552835228862,0.000186741370417742,0.00538319376156319,0.00404258815677759,0.011867411762269,0.00295772461218784,0.0101186924307448,0.617099572280478,0.00860911308433679,0.000951093421729732,0.0149604723336668,0.000348779589472471,0.000424345599009742,0.388191813546351,1.06422028444892,0,0.00684028295392052,0.004597202381746,0.00219252653793048,0.0134110934869271,0.00239876021382916,0.00110242866155041,1.17408961474997,0.333335248283473,0.00370753328285953,0.0266739115285579,0.00485857758999209,0.00206877739312654,0.00807582051895699,0.00130792706627293,0.207125003604191,0.00192823057752812,0.10550925703757,0.0987840014023069,1.05071306527532,0.0957778130304416,0.00706203210903675,0.00297875526259458,0,0.0028992706912362,0.00277372797697805,0.00332185041657418,0.00159957979161187,0.000350335686529369,0,0,0,0.00801212216740334,0.00104220541968703,0,0,0,0.000283416422974021,0,0,0.000178883778173336,5.35061840089262e-05,0,0.00421660101469987,4.39991887702179e-05,0.000858761539942188,0.000191831734530027,0.00272450192121279,0.00122949114677226,0.00352814410824558,0,0.000291027716242084,0.000656191397688867,0.000233743906531058,0.00141362360921274,0.0066865531360587,0.010406117335944,0.0488869890234903,0.000943826988718021,0.0002121876097848,0.000248656945376861,0.000109652119326453,0,0,0.000867403711573435,0.000813653498696686
0.00676687030304818,0.000260456157180726,0.000589643278943924,7.07390709718556,0.000644258823445713,0.175793707487224,0.00507620468182373,0.077617846268275,0.439132778516272,1.30403565533627,0.0208197259652056,4.29326053479825,0.00250259550677156,0.0426216972021049,0.019308077306396,0.000127971184461903,0.0012956689901327,0.00992228013213393,0.00684028295392052,0,0.000214610324026671,0.00022203146749758,0.000448311149316649,0.762469875477308,0.00105878388265395,0.00392541571307531,0.0030994545279592,0.104659393011543,0.0346799673344646,0.001963522739543,0.000771914836239111,0.00325543969331119,0.00150863601945931,0.0726075911895591,0.000122969290761313,0.0700139144021395,0.000729268281466591,0.149563293117389,0.0176789376799676,0.276098320063886,0.132422031542501,0,0.0112675839716832,0,0.00951755503168088,0.000361911939309607,0.0666858465542137,0.00890903896670643,0,0.00853472708867073,0.00015873279969723,0,0.0404599585876669,0.000375533867566074,0.0115008818131123,0.0118810824988255,0.0172395972562717,0.0476650941205754,0.0640253180231699,0.00136011020971037,0.0612054516411157,9.37045210454152e-05,0.00437879376764316,0.0118227427629342,0,0,0,0,0.0436371295730874,0,0.00122385525276283,0.000228193541309596,0.103170786276582,0,0.000187540812297883,0.000233201512088364,0.0372647748376319,0.00817663006896228,0.00178153832364518,0.000224603254392362,0,0.00121109715068867,0.00141004358613552,0.000188776884244808
0.0488057946048169,0.00216941417915236,0.134299947497481,0.000862615917941865,0,0.0062639289546814,0.224347867091841,0.077957716810113,0.0128271463226987,0.0136913098232183,0.00321538263640991,0.00215692624536261,0.00535090736606402,0.0500753096375236,0.0291279756084814,1.52636977443289,0.0897246235814008,0.00206658257688941,0.004597202381746,0.000214610324026671,0,0.0358405073269205,3.56670669303844,0.048118208720822,0.00021542415243573,0.0111544503463663,0.171331742939935,1.09240424658859,0.0376235375738248,1.68215870348407,0.000339252542330174,0.000130356637002157,0.0178865739502526,0.460661751451536,0.0562600998915132,0.692579375535069,0.173685317217189,1.27513469267555,0.356945395859156,0.311885441119213,0.0439089200904946,0.00472219706965516,0.0276282586309899,0.00785691610946614,0.0110407319848842,0.00794168187950104,0.00804950646263408,0.00195838623767309,0,0.00320138704765984,0.00132284435689459,0.00350318302247742,0.000130832773579184,0,0.000181001725795361,0.00940612442899919,0.00148363348356794,0.029897229381394,0.000336317429175732,0.000392349387319711,0.000406296283778644,5.30562825322572e-05,0.00262630160982282,0.00107851632305622,0.235018815236194,0.000341414299077067,0.000152034386691289,0.00107798519281553,0.000259374224397774,0.0771439519310408,0.0425657454297529,0.0181643764488859,0.0850083858782968,0.000235395273091805,0.000567774148350587,0.0182791856816335,0.0272291219784805,0.00852599529144174,0.0235353740025247,9.92659824325713e-05,4.34128770275899e-05,0.00350065893093331,0.0038050183960547,0.0213949627575312
0.00137541897507107,1.17539265720104,0.00198356448911033,0,0,0.000404051496015372,0.000940150110804978,0.00234731062646213,1.51502733386796,0.000936932183812813,0.0723453199439678,0.00171106824648698,0.132092364239793,0.00112178252097674,0.0124140242346839,1.10376072522527,0.0035999334805385,0.00311171935656066,0.00219252653793048,0.00022203146749758,0.0358405073269205,0,0.011877830786102,1.47751508008947,0.227939506845053,0.0200950950356945,0.449973912384249,0.0299482182058491,0.00537346095595412,0.00376124547398274,0.0218532234486337,0,0.000482285604676346,0.00583866412517079,0.000685232251230475,0.0204725376400035,0.0137973698183169,0.0172029278927727,0.00774370846744775,0.0207240072079266,0.00131492382702107,0.0015912767312143,0.00712731443152383,0.00519710278344525,0.00351439062957671,0.000692378971171769,0.00586358152484818,0.00139986589239899,0,0.00214886401712399,0.0171119504561721,0.000568552118291384,0.000167092053174727,0,0.000248987934703834,0.00130491542750099,0.000627697211899311,0.0425589806235983,0.000157142428615822,0.00340864992287687,0,0.00459089627332565,0.000372264000879561,0.000549240388471746,0.21974024197042,0.000644824894197728,0.000959357987022763,0.000610750775496506,0,0.0132421913439956,0.255716984940891,0.00791953969799982,0.0287956128815686,0.00989914535727948,0.00220786596346395,0.0519099263795393,0.00546505954803994,0.00157398520005361,0.00299519910250712,0.00221960512310541,0,0.000720671165169997,0.000323244928956279,0.00022647957991195
0.0334898216998676,0.000795526996701283,2.50195811164308,0.00170277547288021,0,0.00879830940603051,0.222836266574168,0.0989636535232003,0.00883047626430559,0.023717141715846,0.00297553120345912,0.000925087885258772,0.00666524808745698,0.0636077431467261,0.023813809647876,1.92407110754998,1.26496317912561,0.00211785355352743,0.0134110934869271,0.000448311149316649,3.56670669303844,0.011877830786102,0,0.0406117217994896,0.000424358562402968,0.0831915003159837,1.59978356118035,0.317032750778066,0.0260115084165584,0.296969415278334,0,0.000123921287168371,0.00555506281119238,0.311742372461555,0.106112537146832,1.29797324817097,0.766001208226514,1.34539211396711,0.749233708130456,0.376306544818537,0.0483665449025083,0.00170236659928859,0.0192417013845607,0.00975323129752141,0.00448267538854542,0.0122910563277349,0.00666966632757731,0.00314474258222602,0,0.000476686787927507,0.00305492523016763,0.00551726203345674,0,0,0.00010768897286734,0.00136324641272503,0.000221518912546044,0.00547652186298225,7.32466657674385e-05,6.26032217984319e-05,0.00103409396553293,0,0.000194607296290445,0.00164263039552421,0.313582876533093,0.00087515739387912,0,0.000511740651523169,0,0.0285273685922125,0.0269321481572917,0.0431525390053176,0.0238574929327953,5.42277255780243e-05,0.00121321403268957,0.130653848636516,0.0075974480638525,0.00236276704961511,0.00528290921047335,0,0,0.000171288108811881,0.00112841892855174,0.0472859948181476
0.0433869981643339,0.0793296536043778,0.0119841723210168,1.15548059143432,0.000406722404985706,0.0548468822301757,0.18573009552999,0.0821117463647184,4.23232881046231,0.300268998203772,0.0103384606458743,0.246710851759635,0.0120553200374258,0.0477843165886794,0.0274017618791033,0.582551329161042,0.00838425239998262,0.00179181373673545,0.00239876021382916,0.762469875477308,0.048118208720822,1.47751508008947,0.0406117217994896,0,0.0171670656782074,0.00571866210041372,0.271692198636967,1.57076258752275,0.145383451461849,0.0947350905667475,0.00156675297722686,0.000285593232092228,0.0240167257342107,0.0399528920178908,0.00873839070384716,0.279613479924243,0.0355359517358614,0.137538593807397,0.0623536408583915,0.25241883590763,0.037644004146229,0.00195502621208916,0.0852250296399518,0.00522310702333443,0.0570352170245099,0.0185405991380882,0.228797803605228,0.0283050912526443,0.000213413285352396,0.0500261397436252,0.00395662035008392,0.00342641081319381,0.0226049213272192,0.00097766368710509,0.0140178962213587,0.0685338595576272,0.0325745326934616,0.219988133655411,0.0848328969726504,0.00645540799568998,0.106388009170114,0.000774749676646794,0.0162694921543705,0.00697578702126187,0.192832751985564,0.00105247408882186,0.000743386676745418,0.000834951320776752,0.0261891702230389,0.0576882797617925,0.0832852425033495,0.011706573699014,0.515470543992467,0.00135465036818456,0.00150870927142043,0.0196277111801219,0.184673762120849,0.0760186317925042,0.0498818828906149,0.000823814092177933,0.000704891806202908,0.0111530247868857,0.0153962377143833,0.00506449987178421
0.000206684109382658,0.762375871460574,0,0.000233441976536318,0,0.000294227906934676,0.000150512522501571,0.0019369993286468,0.026486909452492,0.000947852912457791,2.27425666887561,0.000855121206381961,3.76953633871971,0.00101065691200782,0.000649491701981808,0.00902758957718807,0.000759455913009799,0.0337078908387786,0.00110242866155041,0.00105878388265395,0.00021542415243573,0.227939506845053,0.000424358562402968,0.0171670656782074,0,0.445743954411652,0.453371119059023,0.000685635308452359,0.000895103465730473,0.000137040254171187,0.409379550719186,0.000337419159310688,0,0.0227118061240297,0.00018166581906935,0.0217320900511107,0.16535183001185,0.0597364190145595,0.0110816586273933,0.000573506534198331,0.00114999651244929,0.116415736334581,0.00212097568273408,0.0199735466169,0.00793204598042339,0.00281585977794842,9.60040785995403e-05,0,0,0,0.0860512841473122,0,0,0,0,0,0,0.000787986277925368,7.58256623983912e-05,0.105501327559722,0,0.256708066126606,0,0,9.1986815036256e-05,0.000246564606969684,0.00820868544628455,0.0017841976264961,0,4.55855290026137e-05,0.00874061549683657,0.000148926700868829,0.000257198910347611,0.287193967632881,0.0333964238459383,0.119993373796691,0,0,0.000161623143138383,0.101289350661751,0,0,0.0072621207109502,3.09831586695454e-05
0.00424618893232962,0.0213672363189504,0.640911682660907,0.000741061556794538,8.21003998317128e-05,0.00274524358046165,0.0130885018980797,0.0150537624976549,0.00539597180792269,0.0101191815038795,0.884877717213271,0.00520338522371378,0.124786990187074,0.0132030217136718,0.00109750774372068,0.00324560335605733,0.689117124020943,0.61176764406787,1.17408961474997,0.00392541571307531,0.0111544503463663,0.0200950950356945,0.0831915003159837,0.00571866210041372,0.445743954411652,0,1.92318516195545,0.00855450269197319,0.0171340456077154,0.00954628116113823,0.24572470237837,0.00384677328968585,0.000463328655226571,0.0736657034273523,0.00448240168127998,0.166891654567562,0.282387898093129,0.461664043370404,0.0841557867057638,0.00570828317464912,0.00363684562598418,0.00460095188221513,0.013408545809104,0.00915982334116031,0.0120136075444953,0.00527797220804312,0.000892707759887095,0.000624136914802037,0.000223629055126255,0.000469396108465946,0.0199839581404633,0.00735092214900763,0,0,0,0.000515882669717381,0,0.000699455056036006,3.1718318780476e-05,0.0189794115257261,0.000101088913516589,0.121632342143006,0.0002343247216473,0.000377888189226279,0.00107183220920526,0.0100487339280581,0.00731602101240642,0.0104641484660844,0,0.000821411947612346,0.00427267269086902,0.0014963594743947,0.00142885179852618,0.0544517446809582,0.10398427145665,0.316579613929168,0.000320445159316991,0.000343790316263058,0.00104923547587132,0.0375356444169179,0,0,0.00339310491528619,0.00285938064608995
0.00828094195083116,0.384933622687582,2.35027769235424,0.0011562297744996,0,0.00547307461235757,0.042629603672468,0.0344205517673292,0.0760313246458624,0.0157670589887353,0.078297112500169,0.00689347057743263,0.136950972449551,0.0269291285135374,0.00398609325234421,0.68425772356426,0.691826982006855,0.0837916308492215,0.333335248283473,0.0030994545279592,0.171331742939935,0.449973912384249,1.59978356118035,0.271692198636967,0.453371119059023,1.92318516195545,0,0.119309688065008,0.0241245565617212,0.0317871106659656,0.24838504122635,0.00342078261314,0.000981408270586605,0.335454966319171,0.0602801236448009,0.834172782477003,0.350639281482266,1.19000344575309,0.508890194766719,0.0658093796118482,0.0227403902785227,0.00157563787118217,0.0595109556713511,0.0332428421571859,0.0384670361168556,0.0273695026620615,0.00553779446742966,0.0015811153123419,0.000337993244217252,0.0011751070026246,0.252408687526818,0.101790594765895,0,0,0,0.00708643745782975,0.000393302777561019,0.00429269217906172,0.000144772426025581,0.00537246933265903,0.000253294001643947,0.0643286352766984,0.000967676639014328,0.0015427815701435,0.239067235076024,0.0500274376447273,0.0034198635084552,0.0300567238332738,2.28694706866134e-05,0.0112088693867167,0.111276359386979,0.0450210342733126,0.0207491734485411,0.113670394237358,0.189858796611226,1.82613392491879,0.00959709439476316,0.00161021928609851,0.0075480050573745,0.0138882746320584,0,8.07012588409112e-05,0.011150976136815,0.0364389150144336
